2.53478 1.63478
0.416452 0.475223
1.38046 1.04281
2.19215 1.62775
2.13618 1.61159
2.13346 1.55603
0.378355 0.275152
2.99533 1.95204
0.53445 0.572264
0.818933 0.605402
1.25476 1.02481
2.20158 1.48801
0.698736 0.493409
0.471776 0.574117
0.656191 0.555724
2.71552 1.91693
3.1292 2.04473
0.9031 0.895705
1.85649 1.3556
0.861327 0.679582
1.90344 1.36899
1.15523 0.780737
3.13035 1.95218
0.706711 0.769878
0.233552 0.333429
3.06701 1.98996
0.11013 0.336263
2.29688 1.78091
1.67054 1.18128
2.15054 1.39351
2.17038 1.43213
2.69113 2.0549
0.586775 0.559391
0.164551 0
2.02193 1.44555
2.41973 1.69597
2.19263 1.62922
0.363352 0.271319
0.188543 0.0657492
0.272215 0.40902
2.01047 1.32603
0.246098 0.290615
3.10111 1.91086
0.294452 0.347546
0.503212 0.635724
0.852279 0.546185
1.6747 1.14497
0.410352 0.359522
0.408554 0.427698
0.894689 0.701921
2.16887 1.64238
0.0248887 0.168223
1.21318 0.870527
2.77719 1.94965
1.32955 0.954439
0.292166 0.251993
0.97264 0.774304
0.452049 0.473577
1.26641 1.03764
1.17305 0.836633
0.436569 0.301255
2.91973 1.88354
1.54919 1.20538
2.98408 1.9277
1.81095 1.27927
2.0265 1.32175
2.14822 1.67597
0.307371 0.130582
0.590282 0.525067
0.173559 0.23732
2.9748 2.13061
2.59818 1.75045
0.762822 0.81088
0.904964 0.492283
1.99879 1.32899
0.0366532 0.265722
0.215645 0.293879
1.90335 1.4009
1.4042 0.977334
2.22539 1.55246
0.755816 0.548589
0.269298 0.407512
2.2588 1.55446
2.53767 1.78131
0.883052 0.778342
2.54962 1.70098
1.32167 0.819742
1.03538 0.454955
2.17631 1.54536
0.180162 0.318493
0.869661 0.847248
2.10357 1.28343
0.318884 0.409814
1.81938 1.29535
1.51258 1.18666
1.88799 1.13583
2.05375 1.59928
1.31324 0.993463
2.85001 2.02975
1.38802 0.788915
0.719484 0.541362
1.94976 1.41601
2.44222 1.49833
1.9907 1.39293
0.370863 0.33616
0.18585 0.206659
2.27743 1.56634
0.973891 0.607888
0.840002 0.721225
1.62125 1.19218
1.28651 1.12303
0.818535 0.69941
2.47409 1.78874
2.09054 1.35998
0.610352 0.556367
0.866958 0.747121
3.01433 1.94075
0.622605 0.407763
2.13105 1.61599
0.470486 0.342379
1.09438 0.500478
0.460895 0.305956
1.49715 1.21763
1.30258 1.18293
1.32789 0.795675
2.4914 1.81662
0.373759 0.23672
0.202062 0.224641
2.68548 1.88847
2.78922 1.82428
2.23836 1.5694
2.11181 1.45984
1.50323 0.991742
2.72296 1.93097
0.350148 0.349345
0.952329 0.914878
0.359748 0.504698
2.38937 1.66098
2.96172 1.88846
1.06683 0.701191
1.3099 0.976329
0.379791 0.436203
1.96793 1.18631
0.705726 0.441387
1.44014 1.21234
1.86698 1.28804
2.40416 1.76608
0.501941 0.361351
2.36617 1.44916
1.7883 1.23833
1.6577 1.36683
1.31812 1.09935
2.37926 1.75624
2.2336 1.59215
2.10241 1.11995
1.74418 1.36411
0.121487 0.229566
1.5737 1.28358
1.52425 1.04165
2.88582 2.01411
0.430998 0.205103
1.7691 1.30784
0.788102 0.650735
2.43995 1.51525
1.46407 1.15535
0.594335 0.501072
1.94949 1.28994
0.659923 0.286474
1.25628 0.966379
2.32575 1.76179
0.740627 0.754403
2.17449 1.49114
1.69352 1.16
2.05595 1.26414
2.06811 1.7425
0.672373 0.558345
0.0532529 0.151831
0.367921 0.431086
2.02583 1.40555
1.0088 0.706648
3.24197 1.82546
0.316891 0.464279
0.6403 0.606988
1.73086 1.38083
1.10511 0.863021
2.76603 1.73183
0.779423 0.645068
1.81286 1.31557
1.76632 1.28429
3.05792 2.13566
0.841744 1.00265
1.11039 0.844051
0.534007 0.414083
2.45001 1.5614
2.40778 1.52262
0.842967 0.721753
1.06331 0.812712
0.295913 0.273346
2.89476 1.62576
2.16243 1.44841
2.66366 1.53137
1.27211 0.772857
1.72505 1.33228
2.43608 1.46787
3.17107 2.13084
2.7879 1.74909
0.753668 0.585934
1.65907 0.978698
1.86223 1.39506
1.07462 0.849327
2.72075 1.9347
2.9936 2.18949
0.786426 0.58073
2.89371 2.0328
1.42012 1.0526
0.720789 0.718163
0.044523 0.160948
2.79624 1.67305
0.0558584 0.362371
0.902831 0.74729
0.907992 0.77787
2.31777 1.48967
0.272797 0.19119
1.79546 1.3972
2.40017 1.64357
2.52246 1.66882
2.23211 1.65496
1.24696 1.00545
0.544046 0.453857
0.588904 0.554056
3.03443 1.9779
0.229184 0.294968
0.822042 0.822746
1.01028 0.733812
0.812161 0.843848
1.83382 1.05827
3.03784 1.97428
0.570627 0.40774
1.97357 1.33356
2.20962 1.47785
2.59116 2.01937
1.64868 1.31695
0.904701 0.932351
2.76331 1.89428
0.800741 0.7111
0.342979 0.295875
0.320747 0.398078
1.42382 1.00045
0.0843982 0.386829
1.04116 0.736432
1.63762 1.40107
0.490226 0.27795
1.18953 1.0415
2.50876 1.83501
2.85818 1.89864
0.561815 0.503619
0.295667 0.331857
2.32619 1.7601
1.21798 1.09459
2.12153 1.42732
0.900785 0.810225
2.1225 1.4402
2.14709 1.50658
0.290564 0.269914
0.52038 0.472505
1.23492 1.02518
0.711014 0.556146
0.346503 0.297646
0.141291 0.183167
0.405559 0.224324
1.59601 1.08882
2.6527 1.79209
1.9001 1.14917
1.25582 0.700216
0.0955076 0.0824226
0.206738 0.235061
0.944776 0.704443
1.58493 1.13026
0.586305 0.40812
2.47527 1.59605
2.91632 1.82728
1.372 0.957421
2.56257 1.94216
0.352395 0.278855
1.41901 0.834812
1.46407 1.106
2.9808 2.04174
0.290663 0.13674
0.701139 0.880749
0.0744134 0.156188
0.307216 0.709349
0.627359 0.538555
1.36916 0.989471
0.289785 0.331624
1.28388 0.875545
0.700009 0.609106
0.723234 0.510279
2.03741 1.35708
0.377811 0.175073
2.06495 1.46699
2.4601 1.84225
2.14502 1.57965
1.74767 1.07117
1.23236 0.907742
1.69401 1.21839
2.77925 1.86254
3.15303 2.07556
2.02572 1.33509
1.7898 1.33159
0.378204 0.331289
3.02066 2.25126
1.05789 0.810625
2.142 1.57413
0.747192 0.456267
2.98621 2.07411
1.00974 0.728468
0.682397 0.795845
1.33132 1.02901
2.31781 1.69273
0.255886 0.358124
2.66998 1.88424
0.576252 0.561931
0.230836 0.315122
0.936926 0.685035
1.55333 0.987718
0.421834 0.594521
1.66554 1.18911
0.99198 0.651719
2.36161 1.79734
0.0375843 0.287111
2.73014 1.90807
0.370888 0.408109
0.99749 0.580085
1.78518 1.24544
2.67881 1.78337
2.93456 2.11891
2.63713 1.78627
0.781716 0.663693
2.66745 1.99996
0.914197 0.548277
2.09996 1.24049
1.22202 0.741137
1.02826 0.797514
0.404056 0.555347
1.70596 1.08786
2.73158 1.72143
1.89713 1.27231
0.728588 0.46416
0.330935 0.376409
1.87689 1.51391
1.99663 1.24102
1.74771 1.2063
1.3902 0.875015
2.74234 1.78709
0.18942 0.370594
1.56775 1.50186
2.15451 1.70842
0.920202 0.806514
2.66874 1.80786
2.29479 1.5043
1.33262 0.808875
2.78552 1.92915
1.87954 1.35271
0.460767 0.337156
2.29791 1.60694
1.51741 1.08137
2.29763 1.73429
1.28373 0.977964
1.56925 0.909817
2.46935 1.83247
1.79203 1.23346
1.92561 1.27818
0.181609 0.381547
2.49197 1.7897
2.53017 1.62798
2.92545 2.04152
6.2563 0.177292
0.879635 0.664019
0.504755 0.488594
2.15333 1.69721
0.731441 0.755691
0.0700924 0.16237
0.661562 0.460308
2.24115 1.77209
2.97479 2.12329
0.0606462 0.173976
6.10491 0.240997
0.859135 0.580869
1.48854 1.13608
2.77774 1.9884
0.562736 0.367655
2.25948 1.55712
1.18123 0.842052
2.17371 1.50591
2.74172 1.73015
2.2148 1.46057
2.67796 1.93229
1.27254 0.852576
2.11655 1.52597
1.5451 1.04076
2.32461 1.67819
2.81476 1.92706
1.1502 0.826739
0.433366 0.420882
1.546 1.25061
2.5596 1.84076
0.726727 0.813665
2.34366 1.61434
1.57527 1.24822
0.345806 0.527788
1.30896 1.09367
3.17751 1.93648
2.73763 1.88135
0.172834 0.250294
0.323675 0.33053
2.01881 1.45588
1.19362 1.02918
0.531313 0.586235
0.538031 0.564554
0.937848 0.525669
1.2966 0.836684
2.56736 1.85494
2.68256 1.75313
1.9889 1.31586
1.51102 0.991735
2.068 1.41901
2.43863 1.74069
0.852169 0.778816
1.91689 1.27069
2.0176 1.46767
0.472605 0.729659
0.880603 0.711639
0.40908 0.310263
2.50323 1.80927
1.64243 1.20633
2.36975 1.74778
1.73018 1.17718
1.72177 1.02886
2.55384 1.9836
2.9274 2.08296
0.941 0.79357
1.05217 0.879429
1.74144 1.2589
0.662917 0.798576
0.442018 0.464561
0.7841 0.560828
2.94742 1.87836
0.533699 0.339521
2.49238 1.51011
1.35279 1.06071
1.70025 1.38164
1.44608 1.03626
1.07752 0.89451
0.122932 0.136308
1.41474 1.04991
0.441961 0.4204
2.8054 2.05262
2.45716 1.71339
1.19438 0.942436
2.61884 1.81463
2.91421 1.98152
1.76532 1.48151
0.604023 0.471532
1.77127 1.27292
2.19623 1.57324
1.49883 1.16013
0.673949 0.238399
1.55233 1.05974
0.920161 0.571691
0.915326 0.671917
1.65789 1.28842
0.84525 0.553918
1.84039 1.20872
1.81013 1.2502
2.17519 1.66148
1.49988 1.32756
2.12258 1.53649
1.60638 1.04952
2.61264 1.74445
1.71478 1.27879
2.8754 2.02962
0.547204 0.517788
0.910732 0.826552
3.01673 2.02961
3.00739 1.8704
3.07665 2.07016
1.66167 1.17392
1.63445 1.22563
2.36699 1.68475
1.08375 0.739921
1.34555 1.11677
0.242865 0.530415
0.666236 0.535
1.13051 1.02702
1.99723 1.56956
1.16338 0.891722
1.28942 0.764861
1.54491 1.14055
0.645276 0.669372
0.357237 0.322639
1.67764 1.00797
0.66118 0.275077
1.3343 1.05822
0.792896 0.741066
1.72357 1.31109
1.27487 0.831896
1.90233 1.33452
1.40743 0.884987
1.04739 0.65833
1.19312 0.7777
2.79021 2.01683
1.54415 1.30635
0.774859 0.521883
1.35877 0.977354
2.5894 1.83393
2.42483 1.59417
1.0941 0.832969
2.95244 1.95453
2.01333 1.23104
0.596397 0.46926
0.077712 0.409885
1.77684 1.16665
0.99468 0.418923
1.88874 1.25339
2.15844 1.62154
0.645081 0.527166
1.51705 1.1557
1.15234 1.07904
1.59512 0.905935
2.75457 2.08075
0.417318 0.543565
2.21231 1.55604
1.41186 0.991853
0.550103 0.753875
3.03279 1.87246
0.0776272 0.179003
2.33272 1.70373
0.0539966 0.212158
1.24164 0.926574
1.78565 1.15696
0.99093 0.724387
0.233022 0.352024
2.6068 1.88795
2.59322 1.60757
1.29401 1.00187
1.74726 1.38985
1.77561 1.27814
2.42013 1.66227
0.928065 0.735119
2.3209 1.62059
0.683458 0.386823
0.703633 0.447684
1.62802 1.32087
2.38439 1.68615
0.930395 0.648683
1.7335 1.31307
1.74241 1.43065
1.32144 0.914175
1.39147 1.04074
1.59961 1.18771
2.59792 1.82725
2.81107 1.61696
1.97873 1.33347
1.8379 1.33344
1.0156 0.792205
0.124401 0.42898
0.346516 0.329023
0.790895 0.881643
1.4467 0.887144
2.6079 1.68985
2.19133 1.5699
2.80139 1.83226
2.90019 1.82784
1.507 1.02062
1.838 1.41967
2.0489 1.65549
0.760867 0.7842
2.43609 1.74514
2.56159 1.63009
0.355172 0.289598
2.73778 1.88829
1.75411 1.16789
2.69518 1.8302
2.44848 1.63159
2.24679 1.46702
1.95396 1.40875
2.91743 1.8227
2.91388 2.01553
0.394694 0.275478
1.59312 1.14315
1.25146 0.976897
1.27118 0.859787
0.349753 0.448836
1.55142 1.04261
0.745387 0.611289
1.97125 1.17152
2.87447 2.09933
0.489614 0.553342
0.943502 0.676522
2.1527 1.3816
2.14357 1.7488
1.68744 1.35353
2.60646 1.7269
0.256049 0.419178
1.69793 1.11358
1.74375 1.29333
1.99997 1.37638
1.4866 1.15777
0.126869 0.028052
1.0521 0.771641
2.5666 1.57981
0.217061 0.278746
1.84239 1.39653
0.963317 0.993415
2.11092 1.57161
2.59625 1.71248
3.17729 2.09974
1.50652 1.23251
0.36464 0.508141
1.2702 0.779047
2.09348 1.46983
0.678967 0.438455
1.14504 0.784328
2.29157 1.84121
2.80717 2.07394
1.42882 0.906837
2.10077 1.42569
2.16158 1.61271
1.71107 1.07127
2.3745 1.9814
1.66867 1.12325
0.862465 0.602739
2.63324 1.80673
1.92295 1.36825
1.38305 1.02802
2.69935 1.90616
2.16727 1.47984
0.492102 0.534618
0.755157 0.639411
2.44166 1.73727
2.89901 2.17877
0.615742 0.790495
0.181605 0.39001
2.72142 1.75958
0.631975 0.604083
1.84832 1.31749
2.28419 1.46886
0.696547 0.68534
1.69208 0.893767
2.88205 2.12362
0.441254 0.485526
0.434856 0.385614
0.427404 0.439792
1.42524 0.965178
1.76065 1.31633
2.06756 1.3243
0.245188 0.373567
0.185485 0.394388
2.23849 1.55916
2.96609 2.16855
1.08998 0.71992
0.620069 0.446805
2.89915 1.86632
2.21387 1.52677
2.6404 1.77176
0.734185 0.454472
1.35434 1.04724
1.91864 1.35248
2.88824 2.02064
2.66294 2.07917
0.109162 0.377366
0.930928 0.772958
1.6243 1.15935
2.11254 1.41743
2.28911 1.61944
2.45044 1.49383
2.84582 2.01033
2.01418 1.49655
2.56714 1.86127
3.04167 2.09213
2.86785 2.00157
2.19363 1.51263
0.411953 0.244378
0.610182 0.588902
1.91214 0.969726
2.93152 2.06769
2.20076 1.42764
1.91445 1.4535
0.615215 0.841553
0.308302 0.309536
2.28949 1.57004
2.01031 1.17455
0.397033 0.402638
0.647122 0.394969
2.68871 1.69054
0.700719 0.75512
1.59906 0.817862
2.498 1.63808
0.537181 0.493467
1.32726 1.04
0.602276 0.420591
2.47798 1.58147
0.849245 0.713234
1.4703 0.98348
2.93405 1.94067
1.26534 0.95247
2.98786 2.00781
2.37476 1.6338
0.631513 0.736147
2.55047 1.8602
1.10402 0.914017
1.7918 1.32551
1.06391 0.632847
1.1526 1.05394
0.957736 0.829821
2.56959 1.79292
0.356208 0.344468
0.774508 0.662367
2.30749 1.78713
1.98987 1.36877
1.528 1.29773
1.12897 0.919395
2.45229 1.86113
2.69005 1.80387
2.5872 1.82027
0.739959 0.623776
1.81108 1.26836
0.784778 0.718402
0.494301 0.661847
1.90328 1.16838
1.37642 0.798185
1.32857 0.982086
1.5228 0.926399
1.61709 0.958528
2.449 1.56441
0.986206 0.698889
0.763577 0.843012
2.01701 1.29022
2.7179 1.9802
0.23463 0.300681
2.56516 1.7677
0.500651 0.162749
2.12536 1.5086
2.90798 1.93437
1.80403 1.1423
1.43056 1.06334
2.15986 1.3595
2.8973 2.01684
1.96067 1.42063
0.961081 0.889688
1.04853 0.965172
2.6721 1.65276
1.21556 0.969496
0.4381 0.661776
2.82277 1.80587
2.63419 1.80369
1.92754 1.32626
2.3642 1.52334
2.40595 1.61521
1.92562 1.44436
2.67358 1.96464
1.95887 1.27585
2.09681 1.41248
1.51369 0.991949
0.643201 0.563956
2.78737 1.94465
1.53479 1.126
2.39789 1.67151
0.926392 0.55856
2.62598 1.84927
0.674637 0.512169
0.829156 0.596041
2.56413 1.65354
3.04897 1.98045
2.58636 1.74843
2.08549 1.56546
2.69803 1.66985
2.22849 1.38487
2.21019 1.45109
0.400829 0.382519
1.67709 1.29725
2.31929 1.42598
2.92004 1.98276
1.71468 1.1897
1.93308 1.28869
0.886802 0.894816
0.769766 0.523353
0.108674 0.263109
1.36514 0.885784
1.57064 1.18365
0.888764 0.675178
1.79435 1.2959
2.83337 1.78695
0.506166 0.416608
1.37022 1.08904
1.92215 1.08939
0.0319184 0.188416
1.15699 0.989406
0.492789 0.439672
0.797785 0.43969
3.09053 2.06376
0.781507 0.897423
1.92902 1.29478
2.01539 1.31534
1.53073 1.06509
0.478601 0.41101
1.76408 1.32868
0.0331103 0.223648
2.28228 1.53026
0.834816 0.827945
2.45674 2.01156
1.2159 0.97053
1.10656 0.927801
0.118789 0.190479
0.476177 0.488694
2.73102 1.72206
2.68026 1.89038
1.87903 1.20801
0.29233 0.282093
2.02337 1.47894
0.00235076 0.142291
1.27612 0.919669
0.405149 0.456609
2.27234 1.50952
0.471863 0.520004
1.32745 1.25203
2.17065 1.66825
0.312001 0.438431
1.64903 0.992348
0.167729 0.163461
2.81399 1.92392
0.404544 0.405228
2.45754 1.58191
0.833575 0.503405
0.225131 0.384086
2.55943 1.88242
2.64548 1.6758
2.07384 1.26184
2.23194 1.54149
0.153136 0.187474
0.884867 0.782196
0.941454 0.649058
1.76873 1.23751
2.90918 1.97582
2.60357 1.667
2.5921 1.70998
1.95333 1.58302
1.36788 0.985253
1.34891 0.88938
2.69102 2.09363
0.967438 0.642574
2.88737 1.91983
0.902881 0.76161
0.366641 0.373651
1.94671 1.29437
0.560355 0.499463
1.39256 0.851917
0.567923 0.570761
2.39189 1.53648
2.09065 1.48893
2.71029 1.63175
0.23503 0.28022
2.34331 1.60587
3.03078 2.11135
1.44375 0.843231
0.956887 0.650953
2.98192 2.02852
1.50826 1.15268
0.974884 0.718105
0.575934 0.781149
1.30145 0.798922
0.468796 0.468807
0.461128 0.411014
1.74268 1.16229
0.912508 0.763364
2.2335 1.58556
2.76848 1.92843
2.33574 1.6461
1.72339 1.35677
2.24543 1.70019
0.418524 0.383112
1.45598 0.95804
0.118287 0.364674
0.656315 0.853114
1.15945 0.791519
0.158294 0.330225
0.990394 0.735446
2.88091 2.09953
0.226363 0.15828
2.83284 1.94306
2.68217 1.88686
2.9524 2.00007
2.28545 1.64275
2.61483 1.85791
2.52445 1.70504
0.265466 0.626061
0.899874 0.698764
2.99666 1.98059
0.349223 0.47775
0.726874 0.538126
1.88233 1.23749
0.637256 0.337749
0.837704 0.647163
2.93469 1.93469
2.08219 1.55959
1.94923 1.33575
1.32292 0.903759
0.68921 0.638941
0.461618 0.620357
0.720099 0.545848
2.31092 1.45109
0.673495 0.48222
1.1163 0.87172
0.880406 1.00953
2.72262 1.94794
0.265389 0.377037
2.74957 2.06793
1.65811 1.37506
0.742618 0.480562
0.316343 0.213855
0.39296 0.34989
2.22915 1.80537
0.467221 0.340784
2.39392 1.67132
0.409338 0.30343
1.32134 0.919644
1.15621 0.90918
0.804952 0.683016
0.90248 0.561516
2.08552 1.51983
1.23619 0.973907
2.94175 2.22997
0.739388 0.717566
1.32032 0.895551
3.03193 2.07649
0.131136 0.394864
1.96931 1.80991
2.66683 1.77559
1.39891 0.935143
1.90946 1.31697
2.63638 1.97037
0.7776 0.512108
2.85603 2.00561
2.53456 1.53946
0.420555 0.413905
1.9512 1.42537
1.88504 1.30832
2.8982 1.83031
2.8601 1.91074
0.349414 0.372061
1.19468 0.959912
1.30015 1.13606
0.506049 0.659378
2.06632 1.30727
0.879908 0.757409
0.472175 0.40405
0.361823 0.636224
2.50195 1.55824
1.92653 1.46733
0.958055 0.973965
1.8415 1.44421
0.192833 0.20502
0.35001 0.351946
0.546412 0.449006
1.64024 1.18947
2.50787 1.66701
2.4643 1.83859
1.08626 0.752587
0.281198 0.272374
0.651381 0.632385
2.42542 1.75261
2.27404 1.50086
2.3102 1.56243
2.95444 1.86419
0.449905 0.490835
1.6094 1.08906
1.98781 1.34368
2.38103 1.7366
2.62541 1.81543
2.44283 1.77238
0.856713 0.709306
0.289327 0.257819
1.9345 1.42208
0.869815 0.881633
1.03943 0.775493
2.40677 1.60102
3.04344 1.86356
0.948866 0.636574
0.203416 0.290463
2.15094 1.6248
1.27857 1.113
2.36795 1.5978
0.788323 0.410656
1.34892 0.924245
0.626807 0.392746
1.39857 0.800943
2.24666 1.56762
2.87715 1.9315
0.235528 0.268393
2.59071 1.70204
0.401432 0.262129
2.32388 1.43071
1.48037 1.1579
1.25336 0.881954
2.26198 1.7122
0.453321 0.408419
1.54982 0.929245
0.127706 0.076416
2.18842 1.58972
1.01159 0.539219
0.884755 0.624564
1.84505 1.36909
2.7072 1.77689
1.62864 1.01496
0.567213 0.572804
1.47504 1.03648
0.160095 0.207555
2.32265 1.69487
1.84209 1.38027
2.41532 1.77679
2.4197 1.61337
0.991033 0.670386
2.15151 1.32993
0.687626 0.542332
1.198 0.751136
1.22494 0.946223
1.68418 1.33814
3.15781 1.77584
0.328417 0.203197
2.31212 1.53464
0.636851 0.366771
2.10442 1.55864
1.99994 1.47289
1.33037 1.09107
0.986922 0.949833
0.89239 0.77129
2.07886 1.47364
0.221603 0.34193
0.558309 0.534294
2.02252 1.48914
1.45149 1.00148
0.398529 0.378547
1.96076 1.47885
1.97774 1.43961
0.476296 0.570743
3.16267 2.12818
3.03486 1.96087
1.1166 0.932897
2.52034 1.68977
0.50307 0.449093
0.230604 0.273853
2.40281 1.62928
2.71389 1.84325
0.950569 0.830702
1.24106 0.82411
2.75376 1.88848
0.618769 0.572616
1.6025 1.20787
1.08552 0.952614
1.2107 0.867942
1.02046 0.642706
2.93535 1.91766
0.0924957 0.163976
1.18852 0.898733
3.14025 1.96889
1.8597 1.27182
1.06272 0.680305
0.638489 0.387241
1.29223 0.857988
2.2261 1.41112
1.88308 1.18041
2.18044 1.47488
1.90789 1.47087
2.61978 1.81466
0.953694 0.712872
0.571846 0.466045
1.18948 0.69077
1.49949 1.16474
6.28004 0.132804
2.07889 1.32447
2.65477 1.89871
1.40397 1.15726
1.53155 0.925192
0.967056 0.649111
0.182841 0.251578
0.12645 0.094934
1.57635 0.942578
2.41594 1.67407
1.20515 0.875385
0.985986 0.862266
0.0998478 0.143822
1.44013 0.927909
2.61689 1.99163
1.56053 0.981052
1.30411 0.750238
1.07473 0.707178
0.768498 0.515879
0.983961 0.769699
2.64344 1.76105
1.69354 1.11969
1.88126 1.26189
2.33138 1.68128
3.10276 2.12424
1.74262 1.22119
1.75869 1.32458
2.34004 1.57423
0.714184 0.489489
0.575005 0.422932
1.29722 1.01528
2.91123 2.12728
0.983247 0.60562
1.54426 1.17463
0.894243 0.702246
0.364519 0.34352
2.24942 1.43187
1.86283 1.16471
1.03006 0.686586
0.435324 0.604812
0.963664 0.89904
1.46765 1.06403
1.00134 0.864854
1.6613 1.27555
1.84622 1.2916
0.662302 0.58472
2.91265 2.05384
1.42619 0.969774
0.629955 0.585437
0.873803 0.628102
1.70374 1.0375
2.81145 1.76429
1.45933 1.10558
0.665125 0.583617
2.4287 1.65108
2.09805 1.55038
0.599825 0.388228
1.04576 0.968606
1.3519 0.804131
2.70966 1.80144
2.20485 1.68556
1.72845 1.29938
1.79588 1.39669
1.98858 1.2844
1.70003 1.28393
1.68247 1.17676
0.332354 0.290625
0.798016 0.717062
1.70316 1.22938
2.88129 1.97212
1.16847 0.731618
0.309849 0.377331
0.787499 0.500391
1.92459 1.41427
0.937338 0.829292
0.918066 0.757888
0.95482 0.63941
0.974779 0.693454
0.705063 0.534582
2.55641 1.77879
2.05433 1.61798
0.487785 0.408113
1.87048 1.28553
2.88964 1.96348
2.79384 1.8569
1.30434 1.00155
1.92381 1.08719
0.908886 0.771222
2.60307 1.6779
1.23785 0.859495
2.83196 1.91575
0.949114 0.761738
0.800345 0.635721
0.748134 0.514596
1.60425 1.05245
0.989951 0.860741
1.02791 0.615791
0.922251 0.60717
0.224453 0.219333
1.36625 0.919792
1.58275 1.28282
3.12111 1.95491
2.61823 1.65988
0.769107 0.528177
2.35348 1.6645
3.2929 1.90109
0.361689 0.254571
2.79765 1.91012
2.87068 1.88231
0.01414 0.296124
1.55133 1.33357
2.66052 1.68101
1.07112 0.913722
0.817487 0.461432
1.52047 0.9238
2.65731 1.80213
1.45188 0.940301
2.98307 2.1016
0.584684 0.682857
2.14482 1.6005
0.61066 0.699425
0.49158 0.700661
0.755276 0.295873
1.47402 1.1904
1.15207 0.771382
1.01355 0.718944
2.99263 2.05633
1.06508 0.887294
1.29307 1.00173
0.398155 0.584911
1.65249 1.18686
2.99004 2.04494
2.21052 1.30046
0.353918 0.316113
1.92463 1.43539
1.90516 1.40595
3.22346 1.94484
2.70382 1.88587
0.563794 0.417588
1.03709 0.903628
2.69351 1.79584
0.765058 0.698979
2.71373 1.85909
1.43124 0.997543
0.939458 0.777616
0.372244 0.573401
0.659477 0.532759
2.97739 2.00956
2.06106 1.23211
1.6618 1.34817
1.50827 1.1994
1.8935 1.52669
1.74471 1.07246
1.64429 1.1529
1.42728 1.04511
0.292235 0.222208
0.764501 0.713467
1.38909 1.20826
1.84014 1.28913
1.07942 0.685984
0.540386 0.60525
1.86446 1.40787
0.591676 0.689646
1.23919 1.25979
0.874151 0.787506
2.70159 1.97895
2.43546 1.63038
1.41188 0.987912
2.92779 1.97101
1.8599 1.30316
1.69686 1.19017
0.524466 0.588591
2.31489 1.61311
1.81697 1.29318
0.664721 0.657402
2.79371 1.96063
1.29282 0.879628
1.22535 0.974879
2.31008 1.62389
1.29569 0.977778
2.24515 1.83132
2.97978 1.77176
0.96266 1.04258
0.297597 0.638047
0.762343 0.486288
0.425747 0.473389
2.42924 1.61987
0.473527 0.409119
1.13144 0.775649
1.48398 1.13395
1.01426 0.685775
0.966369 0.752229
2.96334 1.87715
1.18449 0.613913
1.55699 1.07352
2.23478 1.39064
1.58197 0.961905
0.113001 0.348171
1.91034 1.20101
0.482033 0.426102
0.445673 0.646597
0.293836 0.368967
1.05904 0.5309
2.31933 1.63893
2.07396 1.62709
1.87033 1.53101
2.1692 1.31887
0.417922 0.525236
1.06367 0.802855
0.979137 0.652801
1.25082 0.823423
1.07841 0.768792
2.1709 1.55946
2.34817 1.4292
0.598119 0.467105
1.98776 1.31272
2.03812 1.57091
1.76354 1.09446
1.16191 0.875175
1.04779 0.809734
2.85786 2.11396
0.450388 0.278813
2.99412 2.11822
2.79054 1.80485
2.38035 1.60494
2.44681 1.73934
0.233993 0.554561
1.70976 1.12307
0.97714 0.603447
1.56501 1.13776
1.40253 0.98691
0.686362 0.592642
2.72936 1.78631
1.2306 0.849036
1.70155 1.27461
0.5661 0.519471
2.29768 1.56668
2.83134 1.88572
0.861275 0.772097
1.83235 1.23859
1.65391 1.29883
2.32909 1.60415
1.35757 1.0024
2.61573 1.83456
1.9802 1.57586
1.35349 0.910215
1.06741 0.79578
0.944591 0.739593
1.41035 0.929323
0.254133 0.190171
0.130251 0.380684
2.50896 1.85553
2.81084 1.84425
2.66095 2.03107
0.360651 0.288958
0.334401 0.36273
2.49578 1.66989
2.14629 1.60405
2.05841 1.51795
0.0795757 0.345599
2.12633 1.42838
2.07005 1.40083
2.13024 1.53086
0.00132458 0.0812466
1.83185 1.08564
0.916811 0.592628
1.74939 1.39404
2.97196 2.01009
1.39204 1.10095
0.207298 0.395955
0.867167 0.856346
0.957603 0.755543
2.65684 1.92096
2.96381 2.06416
2.69807 1.79662
2.14807 1.46757
1.70598 1.12702
1.46436 1.16954
0.537535 0.415721
2.53368 1.57021
2.67625 1.69371
1.41729 0.897623
1.86372 1.6788
0.864864 0.744329
1.22909 0.805674
2.37101 1.61418
1.10452 0.796437
1.03149 0.506472
0.357297 0.365066
0.908752 0.740842
1.51991 1.26558
2.6423 1.94585
1.46179 0.958982
2.49588 1.65237
0.362112 0.235663
2.02322 1.44918
1.55773 1.13933
0.70365 0.668148
2.78045 1.81282
1.80787 1.37082
2.60072 1.88688
0.449489 0.399182
2.90025 2.19938
1.56521 1.05882
0.21389 0.237275
0.18869 0.343374
2.29685 1.62948
0.719219 0.633002
0.554186 0.307126
1.77459 1.32468
2.17351 1.36163
1.91123 1.10101
0.626906 0.34165
2.34782 1.76867
1.18702 0.717122
2.00368 1.28447
3.06256 2.21088
1.83311 1.39731
2.30234 1.7542
0.932485 0.656672
0.238449 0.253183
2.04184 1.46085
1.39071 1.04408
0.571738 0.737012
2.95929 2.01134
0.955216 0.830735
0.537998 0.415969
1.7229 1.14455
1.68675 1.11727
1.77642 1.26848
2.33886 1.39828
1.72495 1.11038
2.02272 1.43666
2.80141 1.86324
2.75991 2.02852
1.56811 1.34379
1.50466 1.02773
2.52508 1.71594
2.61228 1.77532
3.21136 2.23555
1.67082 1.27269
2.20186 1.46321
2.05774 1.32914
2.46543 1.94145
2.54731 1.67237
1.34079 1.13878
0.726365 0.605091
1.45883 1.02555
3.02071 2.03511
2.77568 1.98812
1.39758 1.09474
2.25846 1.4936
3.14207 2.17351
0.407822 0.510313
1.88891 1.57898
2.92545 1.79766
0.603795 0.484428
2.95442 1.83194
0.870085 0.739877
1.56333 1.12833
2.74303 2.0423
1.88204 1.32805
0.291148 0.374503
1.46109 1.02693
0.186384 0.340855
1.79087 1.26844
1.14214 0.896184
0.319982 0.347999
1.44966 1.15203
1.56933 1.2356
2.54042 1.81539
0.245587 0.339255
2.8771 2.17226
2.36859 1.61223
1.49899 1.19999
1.16874 0.73567
1.16449 0.983965
2.97298 1.8484
2.80486 1.88052
3.12869 2.20117
2.81245 2.18977
0.994639 0.715098
2.41538 1.49166
0.615419 0.554364
1.05598 0.936907
0.560221 0.312143
1.26035 1.06915
0.735199 0.62349
2.13752 1.52909
1.96185 1.67984
1.0228 0.783836
1.77447 1.27468
2.13983 1.39387
0.975055 0.887267
2.80896 1.9635
2.84332 1.91094
2.98969 1.87193
0.89363 0.525763
1.39503 0.945191
2.42377 1.83737
0.329996 0.27623
3.17704 2.20443
2.30626 1.6579
1.467 0.917575
0.611841 0.502038
1.8064 1.20778
2.59695 1.75814
1.95542 1.30117
1.75072 1.3245
0.691758 0.379353
0.214501 0.41237
0.793211 0.759002
0.0563778 0.136382
2.95341 2.0684
2.35162 1.51728
2.23144 1.69242
0.0888996 0.312019
2.54136 1.78711
2.92572 2.19237
1.61574 1.16655
1.22982 0.773132
0.392338 0.450214
2.62332 1.69806
3.06555 1.97538
3.01326 2.11018
0.099624 0.231741
2.77556 1.9773
0.172114 0.504045
1.92142 1.29353
1.47233 1.42842
2.73721 1.6655
1.21355 0.964295
2.65684 1.6247
0.811797 0.589046
0.630918 0.531804
1.05294 0.833882
1.38594 0.93867
0.637205 0.316328
0.911059 0.874229
2.50337 1.54212
2.73373 2.03884
0.208615 0.163299
2.09077 1.49015
1.70579 0.889484
1.55459 1.26463
2.68079 1.73144
0.70068 0.507138
1.16517 0.684102
1.19978 0.914867
0.916235 0.683725
0.42821 0.449587
1.88119 1.09937
2.56569 1.72923
2.32838 1.67673
0.418336 0.446338
2.7893 1.72238
0.345015 0.441666
0.844383 0.742677
2.50785 1.73191
2.92861 1.99629
2.68372 2.152
1.72536 1.1453
1.40109 0.984498
1.69063 1.12053
2.07825 1.3336
2.20682 1.62786
2.093 1.60046
1.29489 0.836251
1.98627 1.39065
0.831625 0.659845
2.6474 1.78709
2.37715 1.66799
1.19948 1.0216
0.602476 0.437559
3.05416 2.00937
2.90784 1.93247
2.68302 1.73366
2.97554 1.95959
1.35837 0.839619
1.19471 0.855574
1.25588 0.845688
2.32941 1.55015
1.0091 0.789213
0.527646 0.710843
2.56821 1.69887
3.02162 1.97438
2.18102 1.52334
1.28292 0.781034
0.286481 0.452184
2.01737 1.24682
2.26027 1.62214
1.88769 1.31294
0.952721 0.701785
2.19939 1.43574
0.568792 0.449736
1.51854 1.05794
2.72449 1.8064
0.500779 0.517378
2.42287 1.50307
2.61004 1.72593
0.882569 0.615723
1.2648 0.843985
1.07251 0.961245
1.82629 1.3021
0.594971 0.501601
0.848837 0.676209
1.7898 1.302
2.45143 1.74393
2.22221 1.4471
2.4599 1.52706
1.63693 1.29201
3.02459 2.10087
2.48144 1.66988
0.162996 0.315657
1.98624 1.25662
0.151719 0.237228
1.26582 1.10427
1.71753 1.28085
1.90836 1.46483
1.56155 1.0871
2.83799 2.01636
2.33551 1.45148
0.769107 0.680832
0.99951 0.711165
2.35884 1.47343
1.59076 1.1178
2.53666 1.65807
1.35463 0.966877
2.5169 1.83178
1.04576 0.953425
0.597653 0.655
2.94134 2.0132
0.247995 0.205589
0.790833 0.646651
1.57183 1.04448
0.377836 0.214331
1.15293 0.750061
2.48685 1.63521
2.21413 1.5371
2.14196 1.43981
2.06227 1.55666
2.41246 1.79115
1.99732 1.26799
1.0116 0.684555
1.61078 1.1549
2.49188 1.57858
2.6368 1.69073
1.15128 0.969474
2.29215 1.47099
0.326357 0.289897
2.39235 1.90101
2.3292 1.7375
2.78163 1.85059
0.651031 0.493924
0.711359 0.837208
0.686145 0.498722
2.41497 1.43378
1.54948 1.17443
2.85953 1.87033
2.82239 2.05866
0.620452 0.824095
1.98933 1.3714
0.450219 0.472108
1.35327 1.05954
0.765622 0.634435
1.76161 1.37543
1.61978 1.03593
0.49032 0.121493
1.93498 1.27606
3.15676 1.97771
2.18849 1.50416
2.65248 1.69545
2.64645 1.69278
1.00861 0.765602
0.861041 0.725722
0.363663 0.377312
1.55568 1.18509
2.46677 1.59623
1.97126 1.45953
0.699386 0.738073
1.99963 1.34092
2.8098 1.80022
0.386494 0.533952
2.67676 1.81538
2.82309 1.96754
0.506436 0.449928
2.76897 1.77144
1.45584 0.959012
1.29016 0.982775
2.81498 1.80805
0.269886 0.336075
0.694581 0.324196
1.46 1.16795
3.18415 1.99401
2.94153 1.9818
1.77791 1.20144
2.11354 1.54612
2.02228 1.36375
0.667897 0.610778
2.57367 1.94927
0.336465 0.561994
1.28644 0.879612
1.77829 1.13317
0.327587 0.331235
0.155194 0.239307
3.05604 1.96135
0.558476 0.631944
0.112573 0.096612
0.214018 0.119948
0.404639 0.326807
0.527026 0.469791
1.89973 1.38552
2.41679 1.9777
2.91176 1.95014
1.76725 1.19945
1.32495 1.20915
1.93333 1.32496
1.80796 1.19038
0.65439 0.460902
1.94659 1.51277
2.27498 1.3516
0.428554 0.224034
1.9997 1.46509
2.76435 1.93207
0.719201 0.792818
1.35262 0.799698
0.980153 0.73489
2.61352 1.91713
2.21215 1.59425
1.05231 0.653228
2.97066 1.8444
0.685053 0.38998
1.42372 1.02065
2.34809 1.70853
0.195345 0.329858
1.04596 0.971296
0.302496 0.452588
2.57662 1.83522
1.68774 1.25531
0.903796 0.418793
2.50939 1.85644
0.977395 0.678149
2.32465 1.67868
1.28374 0.960816
2.78025 1.76592
1.49687 0.968099
1.99071 1.3855
1.81937 1.35821
3.02079 2.07652
2.80241 1.68459
2.01441 1.48613
1.03886 0.662566
3.05367 2.14469
0.382761 0.312249
0.965082 0.697029
0.800655 0.541039
2.6402 1.82771
2.04741 1.25541
1.49235 1.12107
0.999716 0.647909
2.66231 1.87422
0.921211 0.563687
2.76029 1.77116
1.78071 1.16279
1.79868 1.19186
2.23884 1.51606
0.4898 0.381522
2.35857 1.64782
2.94448 1.8325
1.56393 1.0297
2.06683 1.25681
2.07526 1.49973
2.70232 1.93052
3.146 2.003
2.04474 1.68343
0.513766 0.277071
0.201096 0.261373
2.81374 1.96783
1.35894 1.1244
1.9543 1.37962
2.38986 1.70981
1.37576 0.998136
2.12654 1.33664
1.06507 0.706189
0.909604 0.665643
0.498378 0.448763
0.716685 0.37249
0.691934 0.722823
1.61644 1.01362
1.5421 1.19791
1.71928 1.53495
0.301839 0.272229
1.19093 0.976505
2.35913 1.6487
2.81368 1.92762
0.941735 0.576576
3.05138 1.96423
0.550634 0.555818
0.659187 0.475527
1.80796 1.273
0.359088 0.121176
0.599317 0.497377
2.84765 1.85569
2.8757 1.95181
1.65878 1.10847
2.74484 1.91489
2.59887 1.81152
6.18063 0.106794
2.67033 1.78542
0.733986 0.565373
0.22716 0.276397
0.880539 0.661768
2.93377 2.07959
2.97502 1.96138
2.07269 1.38385
0.145125 0.115777
3.02664 1.8159
2.66722 1.66655
2.43995 1.77761
2.21911 1.58962
2.96312 2.07855
2.53794 1.73731
2.31016 1.72715
1.6801 1.2663
0.242144 0.326816
1.33469 0.826025
1.31758 0.956456
1.77387 1.28254
0.793764 0.544636
0.349283 0.456261
0.21759 0.493128
2.46196 1.57282
2.35149 1.77851
2.06422 1.5047
0.528329 0.354161
2.53279 1.75432
2.49044 1.41663
0.54935 0.317151
0.788574 0.949295
0.276147 0.322017
2.72837 2.04116
0.251336 0.245048
1.36204 0.866737
0.321829 0.468614
1.37538 1.21632
2.91805 1.91054
6.25137 0.371304
0.427461 0.452512
1.2904 1.03471
0.249652 0.274056
1.13205 1.05344
0.557099 0.340879
1.60378 1.12839
1.96667 1.38659
2.94923 2.08093
2.99618 1.7995
0.178537 0.274232
2.85398 1.95132
1.1509 0.890354
0.997375 0.889743
1.642 1.18543
0.739821 0.546133
0.719181 0.477309
1.30129 1.05793
1.54853 1.14317
0.325497 0.289901
0.232031 0.463749
0.55238 0.372358
3.04783 2.04528
1.64076 1.18437
2.42554 1.75869
0.181152 0.239045
1.34476 1.15002
1.62071 1.11053
1.87598 1.26583
3.10288 2.01986
2.86611 2.13478
2.59639 1.70115
2.00456 1.5112
2.46224 1.77687
0.706773 0.422065
2.47057 1.84043
0.292019 0.226353
0.403772 0.355954
0.610262 0.490555
0.64153 0.691108
1.79728 1.09118
2.19235 1.56398
2.039 1.20571
2.49215 1.56178
2.73636 1.89005
2.63726 1.82786
1.41388 1.0037
2.33133 1.62622
0.458424 0.469814
1.35365 1.12825
2.56229 1.75881
1.44341 0.865428
0.996605 0.869648
1.39569 1.04255
2.10375 1.50003
2.11092 1.31676
2.15983 1.64114
1.49194 1.20716
0.70213 0.660574
0.413134 0.490786
3.21792 2.02843
1.3033 0.929522
1.51462 1.242
3.11299 2.06975
2.40028 1.65739
1.76233 1.34552
2.44094 1.81071
0.295117 0.288685
2.33586 1.64461
3.19073 2.12975
2.13931 1.37564
2.17956 1.63562
2.44171 1.85101
3.01437 2.10325
0.476894 0.61393
1.7219 1.28211
2.40477 1.61031
0.180446 0.148227
2.22738 1.54728
2.66597 1.762
2.92414 1.92965
1.67159 1.13186
2.39882 1.61781
2.59578 1.75171
0.969609 0.714694
0.985621 0.72471
3.10165 1.95609
0.82033 0.623032
1.9149 1.26384
2.5285 1.69123
1.7068 1.31799
1.19535 0.487575
2.69642 2.0033
1.18834 0.892125
1.67276 0.928654
0.561356 0.541261
2.52496 1.67921
1.25068 0.979947
0.68013 0.329035
3.1155 1.99196
1.45767 1.09998
1.3832 1.06111
0.026549 0.51498
1.8002 1.23437
1.12393 0.653493
0.335787 0.504574
1.77225 1.13021
0.56187 0.487696
0.412459 0.324297
3.10977 2.00807
0.0290686 0.218729
0.831694 0.564664
3.03437 2.12055
1.57503 1.33131
1.69608 0.975475
0.304491 0.336764
0.595674 0.557279
2.86533 1.81499
3.09157 1.92442
0.309249 0.510599
0.193785 0.305316
0.762439 0.486977
1.97696 1.48523
0.534548 0.385975
2.58705 1.85854
2.5489 1.81881
0.399636 0.426769
0.631332 0.547809
1.84484 1.159
2.2283 1.33724
0.957706 0.76614
2.86201 2.16461
0.604355 0.384883
2.36067 1.47286
1.31245 1.11155
2.16064 1.48864
1.91584 1.29876
1.18639 0.843276
1.29713 0.969542
2.34658 1.75389
2.16853 1.42271
1.06596 0.820267
2.25215 1.71377
2.76333 2.03322
2.00348 1.30671
1.92885 1.37029
0.883993 0.913782
0.575136 0.450782
0.986446 0.611934
2.08683 1.46068
2.3203 1.54023
1.54485 1.16881
0.416066 0.299374
0.46812 0.330612
1.77146 1.42155
1.99899 1.36845
2.80829 1.76395
2.96028 2.05835
1.75299 1.11218
0.461716 0.473634
1.6043 0.960977
2.91515 2.01617
2.30339 1.7089
1.92251 1.49832
0.977478 0.831198
0.320853 0.330063
1.3913 1.21731
3.11213 2.02357
2.22581 1.40673
2.97565 1.9268
2.20454 1.53918
2.10394 1.20587
1.03049 0.880021
2.39956 1.5525
0.951206 1.06263
1.15036 0.824241
2.47556 1.56808
3.09986 2.06444
2.47657 1.55642
2.32117 1.57031
1.73451 1.46805
1.74458 1.28602
2.71939 1.85874
0.358584 0.0744166
1.82436 1.149
1.2407 0.762046
1.91932 1.1215
2.39235 1.53283
2.89596 2.12208
1.10098 0.92655
1.62959 1.26438
2.854 1.98083
1.64646 1.11211
2.02044 1.57068
2.91866 1.98064
2.11318 1.59148
0.478156 0.52602
2.55241 1.81094
1.55562 0.958279
2.76119 2.05132
2.48149 1.57245
2.07554 1.46789
1.96314 1.37454
2.04124 1.53241
0.54582 0.441195
0.86603 0.707598
2.9212 1.84078
0.576478 0.382765
2.7301 1.73739
2.34965 1.49391
0.412968 0.469511
0.806696 0.658569
2.4951 1.82656
1.25555 0.458218
1.35947 1.01473
0.703453 0.485417
2.3219 1.71698
0.858653 0.849644
2.18136 1.44875
1.82743 1.4679
2.75113 1.85359
0.611408 0.743029
2.35711 1.53953
2.89602 1.91202
2.52324 1.66231
1.56487 0.997787
2.10411 1.42804
2.64426 1.86339
1.26476 1.03951
0.786657 0.595553
1.62388 1.00354
1.72786 1.24743
1.4008 1.15464
1.64407 1.18661
1.63097 1.28048
0.348025 0.569599
0.979091 0.820931
1.17883 0.940562
3.06845 2.00898
1.55811 1.11889
0.619118 0.514954
0.351794 0.381183
0.405912 0.304758
2.89537 2.21853
2.13279 1.5824
0.569824 0.305536
2.23227 1.55888
2.90414 1.9148
0.915936 0.786853
2.65962 1.7606
2.95138 1.76242
0.949133 0.832394
2.12997 1.55139
1.1952 0.882272
2.89174 1.91318
2.41008 1.78959
1.38597 1.07584
1.64858 0.977181
0.965252 0.449455
2.62942 1.90359
1.26168 1.07952
3.00976 2.31122
2.50553 1.75669
1.65119 1.11385
1.83425 1.39012
0.829576 0.481754
2.65042 1.66938
0.648055 0.601775
0.304856 0.114337
2.83018 1.88703
1.46472 1.14408
2.84051 1.85611
0.58962 0.508787
2.67968 1.81339
2.58328 1.80633
1.54331 0.954275
1.39792 1.01382
1.94318 1.73889
2.42918 1.60413
1.14343 0.739468
2.74471 1.98005
2.38565 1.61878
2.50466 1.78654
0.504213 0.526178
2.19373 1.43555
1.12417 0.833343
2.4343 1.67503
1.04377 0.730945
1.65813 1.03625
1.22414 0.907874
0.514521 0.624387
2.6519 1.89802
0.786394 0.661381
1.98888 1.20279
0.223039 0.380953
0.654904 0.431692
0.5969 0.594661
0.273952 0.272303
2.61611 1.69663
1.25753 0.897237
1.22556 0.785577
1.43846 1.0643
1.10896 0.696014
1.23712 0.898195
0.460277 0.14407
2.80832 2.0461
2.6522 1.83435
1.13279 0.886284
1.80176 1.5031
1.34921 0.8828
0.543561 0.650583
2.02964 1.38875
0.435943 0.384676
2.62886 1.79722
1.44195 1.03866
0.198398 0.24504
1.05527 0.825735
3.05514 1.91216
2.21638 1.55552
1.89841 1.43631
0.891161 0.709061
0.393378 0.318243
2.96429 1.88348
2.92581 1.89024
0.414732 0.392106
2.10374 1.37791
1.91429 1.26308
2.79689 1.61845
2.21174 1.50146
2.61896 1.77578
2.73697 2.0631
2.68444 1.82339
0.216912 0.17353
2.28904 1.63637
1.14107 0.907942
1.60611 1.2773
1.87581 1.34298
0.870543 0.751314
0.788333 0.680322
1.90165 1.20688
2.8334 2.07883
2.12165 1.43703
2.55182 1.99211
0.415879 0.523472
2.56081 1.88248
0.307505 0.225373
0.164027 0.155423
0.464262 0.484123
2.63713 1.85956
1.51254 1.09545
0.926556 0.677699
2.4925 1.75252
2.5326 1.80344
0.77497 0.762277
2.21858 1.63363
0.754897 0.721238
1.20025 1.10155
1.35381 1.12058
1.91125 1.342
1.98997 1.27322
2.13688 1.19144
0.702561 0.43401
2.34905 1.79055
0.930816 0.717033
2.51113 1.63977
0.275042 0.173312
0.47345 0.433479
1.64356 1.34756
2.6969 1.89348
2.21614 1.65419
2.9414 2.06357
1.01308 0.666684
2.26842 1.49798
0.0938554 0.170426
0.693017 0.387213
1.86811 1.09487
1.67463 1.25345
2.03051 1.14761
0.74037 0.680465
1.71047 1.18246
1.10803 0.88497
3.03738 1.93904
2.93907 1.89038
2.61209 1.75183
1.37486 0.829283
2.1934 1.57685
1.33332 0.906373
1.07179 0.857563
2.60116 1.61823
0.919115 0.722225
2.93534 1.96227
2.95626 2.03747
1.75812 1.27627
2.83566 2.0597
0.523444 0.220831
2.03052 1.33872
2.31472 1.81065
2.85519 1.90969
2.76083 1.99874
0.134879 0.334742
0.846584 0.684859
2.15936 1.44138
1.03516 1.06669
0.243139 0.356107
2.89112 2.03707
1.8124 1.52118
2.14778 1.76239
1.93988 1.25334
1.18751 0.776743
2.45049 1.79014
2.75279 2.01473
1.77101 1.41855
1.09185 0.859319
0.907661 0.760408
2.59237 1.82895
0.0327167 0.259285
0.847293 0.597997
1.21979 0.66306
1.17174 1.23035
1.48341 1.15619
2.83077 2.09935
1.37068 0.977371
2.98262 2.09615
0.876241 0.702801
3.00376 2.00136
2.61008 1.78193
1.08884 0.884956
1.94945 1.46606
0.743252 0.565498
0.577157 0.687431
2.22552 1.39253
1.60988 1.2521
0.139592 0.271289
1.06804 0.884552
2.64009 1.76603
0.927982 0.654344
0.732931 0.662161
1.1386 0.699661
2.6543 1.73144
2.34415 1.6332
2.51194 1.70267
2.67198 1.68107
2.21143 1.54577
2.30526 1.42687
2.98064 2.0989
1.63729 1.18093
2.46813 1.82024
0.587073 0.482321
0.481226 0.583963
2.6652 1.81679
1.87989 1.286
2.1911 1.52502
2.23036 1.57561
2.96385 1.95011
0.299946 0.337415
0.932008 0.71359
0.674214 0.807485
1.61986 1.15014
1.10062 0.8816
2.05391 1.53715
1.41391 1.14718
1.85616 1.19921
0.115348 0.148048
0.389827 0.503047
2.29736 1.44623
1.86796 1.33355
2.65268 1.73894
2.89583 1.97617
0.267277 0.320275
0.1941 0.488788
0.824907 0.676309
1.97158 1.36597
1.2719 1.07007
2.07046 1.46536
1.20498 1.06883
2.70586 1.69461
2.68859 1.74151
0.307954 0.235597
3.01074 2.09884
2.49172 1.66476
1.44527 0.978455
2.64122 1.79225
2.46989 1.61614
0.870894 0.736979
0.211369 0.482847
2.44232 1.76062
2.82345 2.02259
0.239247 0.274759
0.474373 0.356072
2.0636 1.23133
2.81093 1.84224
2.48992 1.73393
2.3634 1.86984
0.698725 0.425636
1.48842 1.09034
1.19566 0.840474
1.07341 0.962936
0.157067 0.319905
1.907 1.49155
1.11212 0.915452
2.81904 2.02933
1.26043 0.805403
1.97768 1.41665
1.26408 0.921961
2.33434 1.67049
0.807872 0.633841
2.71797 1.89659
2.86606 1.75469
0.955988 0.67323
1.85489 1.3113
0.931589 0.840251
1.18983 0.845725
1.00972 1.00587
2.16292 1.48882
1.60387 0.938213
2.75599 1.65941
0.285706 0.341101
0.643174 0.670902
2.07909 1.58125
0.800546 0.795827
1.8313 1.39995
1.06412 1.00857
0.460236 0.323014
1.01034 0.707477
0.829389 0.667454
2.89731 2.02597
0.30648 0.210222
2.02563 1.48424
2.05221 1.51101
0.585999 0.651391
0.659727 0.616957
2.28131 1.69681
0.768383 0.555727
1.67951 1.32902
0.146695 0.13338
0.142464 0.211352
0.316117 0.505527
0.698301 0.476495
2.25239 1.69973
2.49677 1.97567
2.1593 1.43381
1.15504 0.776008
2.98101 2.13874
0.56679 0.589995
0.24105 0.356056
0.107443 0.381209
1.12519 0.815903
0.906283 0.675451
0.939538 0.531747
0.449114 0.431804
2.94527 2.03119
0.540319 0.777586
6.25855 0.169813
2.42543 1.65417
0.909258 0.787128
2.48763 1.93892
0.447027 0.528592
0.910387 0.690956
2.17908 1.40683
0.803567 0.576147
2.74237 1.86271
1.92516 1.37265
2.67319 1.70927
2.38655 1.5854
0.991917 0.820597
2.95564 1.92847
1.59105 1.08312
0.379554 0.496335
0.860207 0.836184
2.22881 1.4404
1.04352 0.852441
2.75368 1.91198
0.449574 0.563998
1.1599 0.906684
1.95405 1.40478
2.6531 1.81781
3.04329 2.13549
0.841653 0.57108
1.47768 1.15534
0.525101 0.433285
0.93554 0.560103
0.758094 0.748633
2.21363 1.60968
0.786361 0.764591
0.844253 0.851134
0.447957 0.399078
2.97052 2.09039
3.01098 2.04926
2.62212 1.79742
0.191012 0.408497
2.95996 2.14769
1.54874 1.00155
0.791475 0.477851
1.39824 0.960942
2.21737 1.52602
2.96519 2.07072
1.23327 0.966079
0.680494 0.533251
0.280944 0.289053
0.272917 0.506229
0.229176 0.288461
2.82394 1.91368
2.50776 1.60682
0.94013 0.934913
1.12165 0.671666
2.78479 1.8636
2.51218 1.52387
2.58709 1.85551
1.94784 1.42453
0.707788 0.593955
2.66507 1.94235
1.81097 1.30149
2.09989 1.43363
0.909921 0.692043
0.145549 0.226345
0.238044 0.390256
1.02813 0.812299
2.72596 1.92018
2.27813 1.67176
0.449328 0.309656
2.83496 1.98375
2.26551 1.57503
1.6673 1.27023
0.463358 0.5349
0.976776 0.847467
2.63796 2.01441
0.159203 0.241181
1.52926 1.15247
1.12393 0.889133
0.789021 0.685307
1.5197 1.04185
1.22411 1.00303
1.99356 1.40208
0.560973 0.335211
2.32886 1.73334
1.59855 1.04939
1.86826 1.3565
2.43891 1.78013
1.48535 1.16722
2.01812 1.28708
2.97053 1.97915
2.21371 1.55413
1.95602 1.4112
2.63969 1.93745
1.9571 1.49973
2.82384 1.86388
0.896299 0.776861
2.52255 1.82549
0.888443 0.730947
0.588474 0.490945
2.02354 1.43755
2.70404 1.95925
2.94694 1.72497
2.54858 1.92553
0.19978 0.28357
0.494646 0.440087
2.3317 1.47666
1.80412 1.27407
2.5115 1.7948
0.992294 0.628784
0.282819 0.223469
2.48406 1.5459
2.03207 1.63425
2.49353 1.87085
1.69688 1.09732
2.33081 1.5043
1.40645 0.963311
1.12635 0.73887
2.92571 1.92356
2.45716 1.93877
0.711223 0.478834
0.543753 0.455996
0.26048 0.196378
0.20266 0.178301
2.3475 1.66983
1.68023 1.08767
0.376152 0.452112
2.43452 1.65252
0.65454 0.659271
1.17811 0.907473
1.47541 1.23908
0.767417 0.540118
1.95764 1.26768
6.25806 0.291579
2.1378 1.23235
1.92979 1.45836
1.75119 1.27159
1.81788 1.35055
1.26877 0.982425
2.94955 2.12277
2.76883 1.92812
0.00691781 0.145608
2.02206 1.52647
2.77014 1.88822
1.915 1.3543
1.76747 1.14014
1.59206 1.31442
2.5 1.56785
3.03217 2.03575
2.35327 1.66342
2.28093 1.41869
1.90205 1.4076
1.65943 1.24857
0.418644 0.582651
0.470485 0.569295
1.80751 1.0895
0.706897 0.532902
1.3903 1.0265
0.663635 0.584112
1.24639 0.959648
2.5186 1.62511
0.621414 0.421831
0.842729 0.519462
1.4044 1.09548
0.411918 0.409798
2.64859 1.76029
0.0827324 0.390872
0.950514 0.509991
1.18679 0.925614
0.540563 0.642729
0.491354 0.606554
2.76956 1.85471
0.922536 0.678155
1.68828 1.17813
0.841708 0.732592
2.6496 1.65432
0.909563 0.823429
0.0051268 0.339339
2.22417 1.67221
0.0284643 0.131628
2.70339 1.80301
2.92213 1.97113
0.622112 0.505242
2.52713 1.75126
2.02319 1.55741
2.54903 1.89645
2.48474 1.66491
0.666979 0.5154
2.60445 1.83418
0.510391 0.505581
2.59019 1.97388
2.66728 1.7575
0.22226 0.157219
1.48488 1.05385
1.81908 1.46475
1.50604 1.10472
3.03874 2.03628
1.05337 0.804164
0.58339 0.369863
1.23459 0.84281
2.81245 2.27678
0.93857 0.821946
0.853358 0.602172
1.50538 1.1337
2.88377 2.11636
1.73076 1.18354
0.680901 0.493544
1.53435 1.17141
1.59419 1.22103
0.170314 0.302365
1.95383 1.34635
1.61401 1.14546
1.98621 1.2643
2.27024 1.59602
2.31536 1.662
0.240302 0.388765
0.46296 0.477329
1.18069 0.911283
1.10996 0.652211
2.27707 1.68835
3.02247 1.93233
1.58758 1.27729
0.746216 0.655175
0.876255 0.874163
2.37265 1.65918
1.28437 0.977166
1.88966 1.35731
1.36395 1.20022
1.50674 1.33343
1.9291 1.20754
1.72948 1.34199
0.177705 0.214029
0.332657 0.303542
3.14757 2.22879
2.71942 1.82034
0.312652 0.257813
2.88425 1.88526
1.55798 1.12813
3.04939 1.991
2.74071 1.80175
2.44207 1.4605
3.08886 2.00347
0.900075 0.67688
1.07077 0.917423
1.06525 0.898586
3.17437 2.09431
2.06922 1.33999
0.942771 0.594439
1.40082 1.11933
1.75728 1.28826
1.815 1.33905
0.947716 0.581328
1.02858 0.691572
2.64323 1.7984
3.01806 2.02971
2.41614 1.72771
2.68707 1.73299
2.48514 1.89366
3.19476 1.95336
0.0490455 0.436942
1.43086 1.05955
2.48064 1.39931
1.55563 1.09296
1.60876 1.23802
3.09625 1.89212
2.44342 1.74313
2.14598 1.58037
1.12861 0.618482
1.38994 0.921195
0.816354 0.691341
1.39697 1.18137
0.81997 0.442691
1.44552 1.07574
2.17612 1.46406
1.04842 0.696562
1.91045 1.48409
0.791318 0.563844
3.00043 2.10147
0.301373 0.22617
2.06695 1.36555
1.48508 1.18144
2.49582 1.86514
1.55587 1.04168
1.3213 1.01951
2.03181 1.36928
1.347 0.862177
2.52228 1.64133
2.21613 1.40335
6.18183 0.404479
1.77528 1.20789
0.406641 0.481314
0.326559 0.268371
2.01678 1.18501
3.00923 1.91507
2.82759 1.87443
0.784006 0.57752
1.31113 0.714165
1.3336 0.785876
0.40453 0.497901
0.450125 0.307807
0.904344 0.761527
2.80801 2.02085
2.22257 1.60798
1.29248 0.82907
1.20167 0.781682
1.47566 1.11894
1.80481 1.20461
0.499532 0.639934
2.5923 1.79035
0.775473 0.681972
3.0568 1.90012
2.93288 2.03126
1.30761 1.06065
2.20341 1.49645
2.29061 1.60218
2.90204 1.96779
0.473618 0.295048
0.0761084 0.256345
0.475984 0.541154
0.397202 0.464445
0.632618 0.562773
0.327125 0.491309
0.552634 0.53403
0.787177 0.636529
0.684324 0.576572
2.45281 1.65559
1.84037 1.28923
0.257625 0.310983
2.01381 1.34179
0.0468392 0.0130183
1.60494 1.05984
0.726804 0.790849
1.29569 0.852112
1.63362 1.22583
2.77166 1.94352
2.54914 1.91803
2.41987 1.74252
2.6375 1.62026
1.86559 1.32108
1.81637 1.02367
0.426231 0.278323
2.29713 1.54936
2.87542 1.98629
2.70344 1.70989
1.21273 0.904482
0.771839 0.589946
0.404027 0.396574
2.27777 1.46658
0.390985 0.198884
0.327586 0.415274
2.21913 1.79123
1.08475 0.82444
0.553806 0.671607
0.780057 0.807762
2.57552 1.78579
0.0527348 0.338589
0.191511 0.185906
2.85562 1.85307
0.400829 0.351325
0.222904 0.702703
0.0131522 0.282568
3.02001 2.00737
2.47669 1.83519
0.0987647 0.172093
0.868288 0.627083
1.80818 0.989227
0.401731 0.52043
2.279 1.67148
2.05157 1.76154
2.791 1.90625
2.22345 1.52002
2.49991 1.88922
0.453854 0.496207
0.205401 0.0141962
0.219189 0.203189
1.71316 1.14711
2.09267 1.5638
2.85664 2.01669
1.14081 0.999074
0.322023 0.386527
0.993391 0.88011
0.893599 0.782683
0.191493 0.412725
0.518961 0.661801
0.367294 0.580993
2.09338 1.4993
0.300957 0.135461
2.58903 1.80771
0.41677 0.487124
0.359732 0.437744
1.31126 0.948807
2.92678 1.82046
2.93976 1.93916
0.726464 0.608005
1.00568 0.657232
0.567376 0.469848
0.649809 0.526145
2.08507 1.36275
2.24126 1.47697
1.57424 1.45044
1.01835 0.90914
2.97649 2.21119
0.154998 0.234242
0.266653 0.133375
0.737163 0.655513
2.83252 2.04409
1.57899 1.27605
2.41577 1.84242
0.70267 0.493101
1.53642 1.17978
2.66914 1.76578
1.14862 0.80016
2.47314 1.64507
0.501297 0.339437
1.75297 1.11555
1.89491 1.38721
1.71935 1.45771
1.78016 1.22158
0.744656 0.768193
1.82873 1.19251
2.32948 1.47497
2.4509 1.66777
1.8239 1.16226
2.96041 2.08145
1.94598 1.5391
2.89487 2.079
1.62601 1.29528
1.85242 1.28845
1.17161 0.863891
2.64637 1.76096
1.24458 0.95553
0.799601 0.701088
1.89165 1.52852
0.734632 0.510147
2.25805 1.43483
0.739502 0.492808
0.961553 0.589976
0.1933 0.10548
1.62411 1.25987
1.55995 1.17655
0.197225 0.338862
2.30881 1.46568
0.143864 0.254373
2.72257 1.94925
0.440673 0.486117
1.95283 1.25144
2.89259 2.02614
2.85246 1.96553
0.324651 0.371777
2.46788 1.80588
1.21621 0.669459
0.667905 0.747027
2.96097 1.90302
0.996487 0.586916
1.54802 1.01105
2.55664 1.68993
2.16574 1.38552
2.13236 1.36679
1.50492 0.881805
3.13035 2.0102
2.26692 1.51726
0.499303 0.618181
0.508937 0.543095
2.53818 1.86653
0.0874275 0.164089
2.56333 1.64385
1.75819 1.35692
2.05129 1.05779
2.319 1.54564
2.79387 1.67985
2.78832 2.07902
2.09754 1.60734
2.7301 2.028
1.88988 1.3316
1.857 1.2974
1.76793 1.12084
3.11712 2.01848
2.09944 1.40632
1.41004 1.01547
1.82047 1.12129
0.443754 0.26282
1.16462 0.721636
1.97981 1.35999
0.699269 0.608308
0.954968 0.90629
2.60719 1.60385
1.59415 1.10064
2.21411 1.22613
0.235603 0.318366
0.832684 0.718888
0.913554 0.720119
0.341637 0.352474
0.685926 0.512759
2.04369 1.45521
1.35881 0.876948
0.989464 0.798149
0.560853 0.566496
1.23219 0.824404
2.56045 1.74107
1.19732 0.817692
0.448758 0.178462
0.220122 0.358805
0.80572 0.619884
2.46148 1.69646
0.398246 0.424422
1.12986 0.832571
2.35917 1.67107
1.97747 1.48862
0.154699 0.216119
1.04039 0.759903
1.95958 1.13511
0.659641 0.552343
2.64702 1.60507
1.23437 1.00089
1.83411 1.25199
1.58505 1.23031
0.90144 0.613034
2.39542 1.88694
0.3521 0.285795
1.69308 1.34996
2.27934 1.56418
1.91711 1.41079
0.518486 0.558235
2.84701 1.7882
0.568132 0.608058
0.922609 0.912531
1.74376 1.07913
2.34508 1.58791
0.72122 0.726404
0.573062 0.450963
1.88776 1.35761
3.06106 1.94136
1.63213 1.27649
1.50178 0.992384
1.60975 1.21623
2.88765 1.93259
2.72573 1.88697
0.102789 0.401242
1.03513 0.825772
0.298771 0.467619
0.0771503 0.220475
0.264125 0.27868
1.92006 1.36574
3.06349 1.82223
0.395883 0.224524
1.19064 0.726977
2.68723 1.92508
0.842885 0.651987
1.8624 1.26882
0.706786 0.494315
1.5296 0.997118
2.26582 1.54013
1.53365 1.06579
1.81596 1.21527
2.4943 1.64887
2.39019 1.68973
1.92476 1.31284
2.17547 1.43312
2.98969 2.12134
1.79717 1.36341
0.44497 0.301317
2.29755 1.50889
0.167471 0.206017
1.11709 0.685788
0.34808 0.0508235
2.65649 2.01537
1.27771 0.878209
0.36661 0.562888
0.391978 0.326233
2.33396 1.4974
2.64856 1.84899
1.4493 1.07604
2.6253 1.73317
2.23085 1.58874
2.39479 1.5485
0.376244 0.313074
0.395859 0.440996
1.88829 1.34257
0.385873 0.352347
0.545091 0.440484
2.27958 1.7554
2.36713 1.65766
2.60917 1.78657
2.24472 1.5775
0.17997 0.312822
2.26405 1.42169
1.94906 1.47045
2.23997 1.56373
2.10671 1.41777
1.72017 1.21109
1.6915 1.08047
2.68324 1.69259
2.01242 1.37557
2.40976 1.73518
2.98595 2.04935
0.375538 0.426359
1.25293 1.01693
1.87238 1.26583
2.37464 1.8264
0.533909 0.38653
0.661166 0.483317
0.976676 1.03172
2.92996 2.03681
1.96087 1.15487
2.7254 1.91842
0.233683 0.204727
0.0766192 0.152253
0.444832 0.505308
2.17127 1.4359
1.73744 1.20157
0.510148 0.608339
0.486854 0.162106
3.19167 2.01373
1.52327 0.880217
1.87365 1.30216
0.758261 0.635031
2.3349 1.44163
2.68081 1.66509
1.0765 0.786138
2.25691 1.62982
2.93735 1.91629
1.36191 0.909667
1.41362 1.09177
1.10003 0.879377
2.10832 1.79275
1.83441 1.24237
