2.26153 1.5697
0.737491 0.595169
2.31696 1.58225
2.87004 1.94822
0.71369 0.582532
2.69371 1.8469
0.875595 0.672524
2.17946 1.5051
0.21322 0.262251
0.363024 0.38322
3.02688 2.06242
2.80735 1.92191
2.01918 1.40251
3.01512 2.0521
2.1572 1.50561
2.4272 1.67397
1.42007 1.01599
2.8535 1.95195
2.45228 1.67223
2.489 1.70163
2.80978 1.92657
0.974191 0.734801
1.8661 1.33194
2.45869 1.69178
0.640878 0.547436
2.75502 1.88114
0.140994 0.239825
2.02163 1.40792
2.42055 1.67378
1.87633 1.32446
2.57344 1.77612
2.15795 1.51259
2.40241 1.66802
2.73334 1.87261
1.17727 0.90354
0.898465 0.721155
3.05318 2.08203
1.57784 1.1252
0.972348 0.740671
2.00432 1.40706
0.270362 0.286121
2.80786 1.91527
2.07692 1.45509
0.548789 0.487718
2.93822 1.99599
2.61599 1.78426
0.55669 0.480651
2.62038 1.80409
2.44866 1.69637
2.1093 1.46372
2.83607 1.92874
1.62772 1.17634
1.03947 0.787558
2.47584 1.72353
0.921691 0.705328
1.77376 1.27853
1.5374 1.10576
2.37017 1.64939
0.78152 0.631213
2.78749 1.90567
1.50646 1.0828
2.07639 1.44079
1.86453 1.33133
2.41058 1.6696
1.11943 0.847219
1.75426 1.26463
2.65047 1.81313
0.35945 0.359728
1.88657 1.34369
2.80577 1.90936
1.2428 0.927765
2.71101 1.85538
0.665527 0.55899
2.05102 1.43393
0.316039 0.327492
0.632457 0.552131
2.96128 2.00814
2.73464 1.86682
2.83646 1.9405
0.149564 0.242306
1.19671 0.882025
3.0201 2.05348
1.96567 1.39177
1.1368 0.860302
2.69974 1.83005
0.69007 0.559653
2.01328 1.41124
2.34022 1.6391
2.10413 1.46996
0.61262 0.530425
1.38088 0.990363
2.75561 1.8652
1.61014 1.16533
0.369628 0.411788
1.78993 1.27216
2.21093 1.5234
3.05173 2.06579
1.86857 1.32575
2.97001 2.03193
1.84666 1.31626
1.00272 0.765726
0.916295 0.73756
2.05074 1.43443
0.247145 0.28485
2.38552 1.6444
3.02854 2.06081
2.14765 1.48292
2.45366 1.6977
2.32347 1.62118
1.95101 1.34047
0.837216 0.681378
1.40679 1.04172
0.205306 0.260114
1.63884 1.17647
1.32567 0.977653
0.220017 0.266702
1.17552 0.884476
1.74844 1.22834
2.18139 1.4981
2.02402 1.42935
2.37786 1.6658
0.537662 0.462053
2.61577 1.78609
1.5181 1.06953
2.70994 1.85702
0.48121 0.426445
0.556191 0.492618
0.449041 0.413433
0.959589 0.731353
1.16506 0.875609
0.771681 0.637539
2.41008 1.66373
0.204869 0.260903
2.11943 1.48131
0.790338 0.62162
0.298892 0.320956
2.91141 1.98258
1.55064 1.11718
2.89128 1.96626
0.539479 0.486622
0.286819 0.318798
0.706466 0.583256
2.31993 1.60871
2.18629 1.51189
0.732034 0.596702
2.70578 1.85918
2.5472 1.76093
0.825363 0.652737
2.8668 1.96782
1.58994 1.15162
0.629673 0.538724
0.547922 0.487381
0.684486 0.567113
2.81073 1.91197
0.357668 0.370542
2.22752 1.55077
2.97202 2.0199
2.10035 1.45364
1.34124 0.962177
2.34103 1.60887
0.136345 0.2036
1.42258 1.04575
2.61254 1.78955
0.828438 0.677601
2.01057 1.42488
1.95387 1.36637
1.61555 1.16381
0.565433 0.490504
2.09552 1.44254
1.70952 1.2184
2.04401 1.43738
0.657246 0.541255
1.15888 0.859344
1.5267 1.10874
2.99426 2.02484
0.127967 0.209659
0.120857 0.226496
1.56707 1.11799
2.20279 1.52932
3.10125 2.10568
1.93858 1.35284
1.83354 1.29229
2.17798 1.51035
2.09627 1.45007
1.28813 0.966218
1.17314 0.877986
1.0816 0.806223
2.37855 1.6374
1.97218 1.39835
2.94895 1.98092
2.74019 1.85959
2.51038 1.72676
0.599284 0.524856
1.72563 1.22976
2.84243 1.93715
1.81748 1.2952
2.89692 1.98647
0.87107 0.70481
1.66783 1.20793
0.609057 0.510137
2.71868 1.8619
0.861479 0.688143
2.72734 1.86223
2.51564 1.73789
1.77051 1.2675
2.6611 1.8265
2.62173 1.80559
3.10182 2.09866
2.61706 1.80996
1.29404 0.954891
0.619372 0.53945
0.721547 0.563299
3.09149 2.08778
1.67293 1.18274
0.307059 0.333519
0.135804 0.243687
2.82085 1.9228
0.793438 0.646295
0.796548 0.646905
2.87255 1.96669
2.85879 1.94785
1.60088 1.15341
2.38379 1.64816
2.41649 1.64631
2.56346 1.77841
1.86132 1.31722
0.869324 0.704272
1.52249 1.10068
1.3757 1.01514
0.484209 0.441637
3.08495 2.09288
0.313707 0.338106
0.79192 0.631493
2.52381 1.73821
2.41144 1.64779
2.39102 1.64281
2.59435 1.80406
0.973848 0.733585
1.5112 1.09754
2.48565 1.70627
2.08134 1.43563
0.646866 0.557252
2.63403 1.79729
0.783908 0.638364
1.12183 0.841209
2.60335 1.80238
0.801228 0.634198
3.00885 2.03436
0.510047 0.446925
1.65436 1.20534
2.37563 1.64454
1.66299 1.17348
0.149013 0.226327
2.20798 1.52929
1.95165 1.38957
2.08155 1.48456
0.478744 0.443436
0.231066 0.285682
1.30517 0.992708
0.479016 0.43168
0.091728 0.208102
2.6968 1.85666
2.08665 1.46674
1.34006 1.00335
2.0733 1.44972
1.98962 1.40165
2.40791 1.67381
2.1539 1.50173
1.32381 0.971601
1.64684 1.17518
0.712438 0.583329
1.43708 1.03702
0.900945 0.715335
2.49948 1.71516
2.97022 1.99997
2.99513 2.03582
2.90861 1.9661
0.743437 0.598154
2.79714 1.916
1.55142 1.11765
1.38881 1.00144
0.332056 0.36971
1.0094 0.790104
0.400098 0.395461
1.37921 0.993834
0.999664 0.759468
1.13048 0.845926
0.455881 0.407184
2.58008 1.74797
1.68515 1.19623
0.170478 0.247163
0.819977 0.64801
1.24741 0.919082
0.826663 0.676182
0.839465 0.661648
1.82008 1.3029
1.7277 1.22479
0.66934 0.58228
2.68357 1.83721
2.26807 1.57243
1.58805 1.12958
2.90278 1.96892
0.114857 0.214778
2.17465 1.51229
2.44648 1.67433
2.35695 1.63314
2.32449 1.61538
2.11016 1.47087
1.55612 1.11648
2.15142 1.4777
1.49274 1.09039
2.5111 1.73521
0.950207 0.751809
2.32229 1.63074
2.60054 1.78882
1.08489 0.8216
2.19906 1.52539
2.43651 1.67449
3.07912 2.08236
1.61908 1.1486
2.94338 2.00435
1.73762 1.21344
2.95788 2.00705
1.13466 0.849366
0.83771 0.662749
2.29479 1.60719
0.304837 0.301614
2.78393 1.91063
3.07706 2.08492
2.44995 1.70522
1.98408 1.388
0.48232 0.433781
0.489865 0.434701
0.829306 0.663506
1.13628 0.848674
3.01691 2.03986
1.65264 1.17608
2.1643 1.52138
1.43628 1.04908
2.88941 1.96293
0.566334 0.503101
1.41678 1.03014
2.02923 1.448
2.00489 1.41502
2.38512 1.66819
2.3766 1.63695
2.66099 1.81552
0.39497 0.397983
1.77985 1.25787
1.45898 1.07627
0.226696 0.266983
2.76185 1.87391
1.26886 0.956096
0.78014 0.624203
0.828031 0.678333
2.50206 1.70641
1.59924 1.15104
0.418019 0.384571
3.05112 2.06991
2.02213 1.40258
1.38903 1.02363
0.424718 0.39541
0.614544 0.52609
1.91607 1.35239
3.03051 2.05092
3.00664 2.04534
2.83677 1.91802
1.50559 1.09257
0.906696 0.69771
1.30601 0.978155
2.13931 1.46781
2.61285 1.78977
0.402089 0.375988
0.41028 0.419915
2.37756 1.64841
1.76015 1.27163
1.81447 1.27034
0.866478 0.659819
0.364786 0.37536
1.30069 0.983242
1.78212 1.2539
1.27082 0.934332
1.61684 1.16867
1.69139 1.21457
1.34985 0.99409
0.526564 0.472032
3.04939 2.07487
0.426502 0.398626
2.26798 1.56996
0.628829 0.539464
1.47845 1.0704
1.6541 1.19101
1.06363 0.851283
2.24931 1.54377
2.72554 1.87089
2.59012 1.78603
2.84707 1.93178
0.797712 0.636127
0.638932 0.533663
2.45402 1.6799
2.782 1.89454
1.31779 0.984517
0.172455 0.247157
0.253624 0.312319
2.81597 1.93317
2.65236 1.82899
1.07526 0.807201
1.28828 0.966919
1.33902 0.991547
1.61761 1.17695
0.125918 0.232716
1.38628 1.0091
0.977589 0.751439
2.39737 1.66163
2.48962 1.71852
0.169473 0.244702
2.31828 1.60366
1.57444 1.11989
3.05318 2.05648
2.4075 1.66119
0.614229 0.505397
1.34241 0.983215
0.488898 0.438439
2.32546 1.61095
2.33293 1.618
0.490678 0.45293
0.178321 0.259377
1.01852 0.759303
0.368139 0.385287
1.46403 1.07819
0.700707 0.574677
2.30716 1.5892
1.75837 1.2795
2.67072 1.82226
1.20166 0.905719
2.83114 1.94604
1.81705 1.28808
2.6561 1.82483
0.355396 0.400534
1.26295 0.948545
1.12457 0.834887
2.35214 1.62159
0.40303 0.395191
2.46357 1.69434
0.336926 0.352554
2.78707 1.91552
1.85207 1.29994
2.83423 1.92477
0.98942 0.748612
2.85678 1.95326
2.5052 1.71282
1.25928 0.937653
0.461369 0.418247
0.352745 0.359922
2.63189 1.79365
1.65221 1.17751
0.219846 0.270109
1.75007 1.25432
2.09361 1.46475
2.9717 2.02089
3.09169 2.09315
2.99013 2.03196
2.85777 1.93222
0.803266 0.645798
2.53615 1.71472
2.21877 1.54907
0.83038 0.668443
0.975008 0.732441
2.86506 1.95029
0.976826 0.755446
2.52666 1.72336
1.55628 1.12807
0.620645 0.524641
1.93193 1.36581
2.89855 1.99445
1.38568 1.0176
0.827639 0.665278
2.23851 1.54253
1.5191 1.10126
2.22268 1.54661
2.92829 1.96829
0.663781 0.546041
2.54932 1.73667
2.40924 1.64248
0.31987 0.361506
2.5464 1.74087
2.73792 1.87696
1.0451 0.795569
0.240556 0.29185
1.92707 1.36669
2.8499 1.95417
0.114433 0.199639
1.07971 0.814861
1.59921 1.15536
2.36896 1.62251
2.55846 1.7442
2.0311 1.43476
2.93708 1.97784
1.17352 0.893188
0.642573 0.554196
1.02986 0.777952
1.71467 1.22806
2.08822 1.43962
0.7799 0.623888
1.76561 1.24066
1.62093 1.1708
0.948045 0.747912
0.49205 0.438704
3.09146 2.08838
1.38459 1.00635
0.658122 0.563652
1.78347 1.25573
0.108676 0.196459
2.19125 1.51848
2.3139 1.61461
0.121096 0.230127
1.07413 0.826145
1.21715 0.918322
0.612279 0.515674
0.766684 0.629991
0.264032 0.293393
0.794479 0.625704
1.22174 0.942636
0.380409 0.360974
3.07418 2.07639
1.88574 1.31535
1.11772 0.84151
1.65349 1.17273
0.557483 0.475296
0.279809 0.315559
1.02683 0.780909
2.02458 1.42472
2.16443 1.50786
2.7794 1.88424
1.05949 0.841078
0.279216 0.311646
0.243309 0.272224
0.945954 0.751878
0.164599 0.244076
0.657703 0.532254
1.89443 1.33862
2.26847 1.58358
0.503541 0.460501
0.216964 0.256625
0.945132 0.722786
2.83916 1.94176
1.53146 1.09215
1.81556 1.26589
2.36684 1.64249
0.697293 0.566192
2.24429 1.54401
2.26744 1.57146
0.506321 0.462247
1.45185 1.06823
2.90898 1.98027
1.31669 0.968067
2.3231 1.63178
0.337438 0.34651
0.348866 0.341613
1.11777 0.831453
1.39879 1.0079
1.66717 1.18943
1.74647 1.21857
1.51136 1.09687
1.53999 1.10967
1.95152 1.37917
0.690043 0.605072
1.60199 1.14489
2.58274 1.78043
0.989602 0.759606
0.472206 0.428075
2.71471 1.85817
2.80208 1.92831
1.46018 1.06062
1.26241 0.946367
1.08692 0.825988
3.08646 2.08133
0.581118 0.505145
0.850276 0.653515
2.2648 1.56234
1.12623 0.839338
1.59544 1.12494
0.691014 0.596797
1.77213 1.25563
2.57048 1.76892
2.93921 2.00496
1.90132 1.35144
0.364837 0.373051
2.02454 1.42605
1.28075 0.94934
0.602737 0.516689
0.577657 0.505149
1.35015 0.995286
0.442761 0.415508
1.43234 1.0333
2.37397 1.64613
2.49644 1.72656
2.44274 1.67327
0.809322 0.664399
1.19246 0.891056
2.85494 1.95345
2.16056 1.51218
1.10221 0.820039
1.98788 1.39311
0.915078 0.712357
2.60867 1.77263
0.839058 0.673565
2.10747 1.47327
1.8708 1.31849
3.03821 2.06305
3.04769 2.07235
0.632714 0.526458
1.41242 1.00267
1.31816 0.993483
2.27365 1.58406
2.77847 1.89464
1.67908 1.20359
0.318321 0.328359
0.185256 0.249601
1.86041 1.32443
0.706683 0.579954
2.00059 1.38879
2.56828 1.76099
1.47156 1.07009
1.29051 0.945223
0.363085 0.356804
1.72285 1.23165
0.40225 0.364227
1.33198 0.983783
2.3289 1.59515
2.33319 1.63013
1.1452 0.843159
0.983473 0.775921
1.81943 1.28358
1.48052 1.07819
0.709358 0.560665
0.787875 0.631126
1.24758 0.917481
2.69807 1.85288
0.49474 0.447554
1.25892 0.922189
0.317969 0.327805
0.125452 0.213489
1.44256 1.04163
1.89822 1.34894
3.02143 2.03768
1.37098 0.990918
0.705069 0.557373
1.70384 1.21416
1.09812 0.840396
2.94743 2.00341
0.134104 0.234832
0.51793 0.476021
3.00317 2.04256
2.11077 1.48145
1.24859 0.948863
2.05761 1.43816
1.33726 0.987128
1.40362 1.02207
1.89582 1.31984
0.901071 0.727496
2.16254 1.5039
2.80701 1.93398
2.857 1.94553
1.69188 1.21713
2.61548 1.80562
0.471705 0.426006
0.308079 0.337838
1.83636 1.29927
0.973837 0.768362
2.64134 1.7936
0.399562 0.400043
0.677454 0.574754
2.82692 1.93483
0.346289 0.358581
1.32661 0.985878
0.349061 0.35693
2.11346 1.47248
2.89183 1.97219
0.201031 0.253282
1.88853 1.32061
0.788979 0.637163
1.95514 1.38021
1.35748 1.01429
1.2384 0.898335
2.18708 1.53121
2.78963 1.90199
2.76479 1.89142
0.92164 0.721858
1.50896 1.08369
0.171699 0.243286
0.159944 0.235339
2.70383 1.84528
1.80162 1.28427
1.18357 0.881139
0.557281 0.501922
1.47761 1.0795
0.547983 0.468172
0.255917 0.305087
0.441936 0.409359
0.840454 0.67243
2.3394 1.63261
0.795787 0.636
0.920686 0.714343
0.819978 0.664354
1.92013 1.35583
2.90487 1.98211
1.42312 1.03728
1.30551 0.983442
2.74626 1.8593
0.592634 0.527321
2.75205 1.88665
1.1092 0.851172
3.09472 2.08308
1.31589 0.967091
1.57837 1.14452
2.7361 1.85653
2.92526 2.00614
1.55603 1.12848
1.08555 0.812451
0.438442 0.423907
2.03785 1.42856
0.225323 0.267507
2.96973 2.02304
0.172974 0.246974
1.34051 0.982145
2.23925 1.56453
0.795908 0.632137
2.54271 1.76254
1.81575 1.29428
0.451432 0.425867
0.415364 0.409542
2.14127 1.49236
2.92479 1.99914
1.8908 1.3374
2.6518 1.80551
0.242934 0.306017
0.768681 0.628709
2.60524 1.78927
2.33208 1.61145
0.181547 0.23413
1.38426 0.995261
0.900397 0.704568
1.00274 0.767277
0.985257 0.763554
2.1034 1.48116
2.75854 1.87438
1.53631 1.08941
0.563496 0.492361
1.99582 1.41052
1.097 0.852346
0.836082 0.647626
2.88121 1.95233
1.51638 1.11363
0.928098 0.710548
3.06132 2.06412
0.852424 0.682784
1.43673 1.04363
1.34707 0.982459
1.36228 1.00585
0.682907 0.573673
2.15487 1.52285
1.4707 1.0739
1.56005 1.13186
2.57559 1.76749
1.45642 1.03825
1.004 0.790106
0.326675 0.340721
0.250663 0.28759
2.35543 1.61039
2.08199 1.44521
2.70707 1.84359
1.1654 0.87054
1.37401 1.00007
2.62946 1.7929
1.17039 0.890137
1.11972 0.840373
3.03322 2.05184
2.13116 1.50525
2.3524 1.64541
2.91871 1.96191
3.01614 2.05531
2.73791 1.85362
3.06973 2.06829
1.5998 1.14657
0.966422 0.769953
2.53009 1.75734
2.14395 1.50481
2.22373 1.54918
0.476705 0.438853
0.1959 0.264741
1.91057 1.34674
2.80751 1.9225
2.43317 1.66801
0.52649 0.485449
1.5751 1.16055
2.67724 1.84613
1.95812 1.39181
0.935337 0.725483
1.27544 0.940772
1.23969 0.92726
0.328392 0.346958
1.58574 1.13749
1.53325 1.09683
2.66395 1.81844
0.217746 0.281907
2.99969 2.03644
2.48587 1.71491
0.450258 0.419203
0.212191 0.284167
2.33046 1.62702
2.74183 1.88481
2.47947 1.68639
0.549502 0.491983
3.05304 2.06815
3.03695 2.07132
3.05511 2.07785
1.12523 0.831259
1.90417 1.3616
2.96793 2.01414
0.160183 0.244499
0.578348 0.504963
0.492642 0.449141
1.46115 1.06213
1.23087 0.921725
2.0936 1.46221
0.722157 0.604656
1.45332 1.05268
0.622908 0.525143
1.408 1.03135
0.281541 0.322329
2.29723 1.61099
1.69023 1.21006
0.600427 0.530915
1.88788 1.3267
1.6647 1.17838
0.718767 0.594406
3.03158 2.06528
0.636222 0.55358
2.67706 1.84213
1.71563 1.23873
0.869785 0.659301
2.87609 1.94102
0.180704 0.254781
1.6976 1.21531
1.58069 1.12998
0.523348 0.483049
1.98436 1.38675
0.342474 0.362055
2.64649 1.80633
0.529357 0.462964
0.86622 0.675658
2.58761 1.78352
1.97356 1.3809
0.446493 0.41145
2.68168 1.82837
2.2035 1.53308
2.76087 1.89392
1.11071 0.848297
0.393963 0.380389
2.23435 1.54048
1.3472 0.982852
2.8795 1.97417
0.179827 0.257249
1.12371 0.840731
1.36951 1.00018
0.548544 0.474246
1.6411 1.18434
1.51209 1.09861
2.99967 2.03567
2.20417 1.50994
2.9595 2.00426
1.26746 0.942513
3.06488 2.07357
0.946491 0.749359
2.47865 1.71011
0.403129 0.383193
0.793318 0.647244
2.68723 1.82447
2.082 1.45546
2.8214 1.91071
0.573241 0.497853
0.216534 0.285
1.75804 1.24887
2.65688 1.80058
2.17884 1.52526
0.650896 0.531504
1.68231 1.19465
2.22578 1.55679
1.84138 1.30126
2.08057 1.44019
1.78164 1.25714
1.11826 0.851104
2.0348 1.41783
2.7447 1.8772
0.577489 0.488072
2.56815 1.7796
2.29939 1.61045
1.38382 1.00724
1.86352 1.30187
0.514875 0.468529
0.293787 0.316646
2.02439 1.42631
0.283789 0.313701
0.723959 0.595152
1.96119 1.38313
2.33302 1.61083
0.420035 0.399325
0.181016 0.230834
1.3548 0.986051
1.61069 1.14099
0.181363 0.239368
3.07504 2.09808
1.73693 1.23695
1.8046 1.27182
1.90405 1.34009
2.28157 1.57936
1.68688 1.20345
1.07189 0.812077
0.929084 0.738127
2.42195 1.69008
2.67682 1.83215
2.69898 1.85428
0.394513 0.389727
1.84961 1.30921
1.60734 1.17986
1.54483 1.12249
2.19999 1.52571
2.69948 1.83363
2.75436 1.87961
0.353526 0.36752
1.58914 1.14348
2.88041 1.93853
1.49789 1.08492
2.5969 1.77973
1.63755 1.1713
1.54178 1.12028
0.722336 0.585941
2.19157 1.50607
0.751602 0.606057
2.23521 1.54954
2.31415 1.60442
2.72653 1.8459
2.72461 1.84992
0.125702 0.228927
0.50616 0.462165
0.292842 0.315858
1.64331 1.16973
0.383592 0.383796
1.58044 1.11747
2.6037 1.80587
1.71302 1.22308
0.785916 0.636373
2.49451 1.7052
0.176992 0.253625
2.42107 1.65905
1.68136 1.19171
1.78648 1.28819
1.50968 1.08903
2.50433 1.71755
2.06668 1.42758
1.63536 1.17605
1.22551 0.907893
1.58925 1.13937
0.388381 0.381342
0.651343 0.543945
1.22152 0.918165
0.707985 0.592031
2.44849 1.68794
0.598433 0.51033
0.912653 0.714551
1.4276 1.03115
3.01722 2.0399
0.33439 0.340797
1.98964 1.40605
1.86701 1.31015
2.15803 1.48506
0.360471 0.364508
2.6767 1.82298
0.541984 0.445252
0.79572 0.649606
1.58649 1.14811
2.07302 1.45971
1.1878 0.897047
1.51737 1.09932
0.411432 0.380207
2.65454 1.79968
2.23913 1.55589
2.00998 1.39119
3.02399 2.05683
1.60776 1.16738
2.2294 1.54756
2.79905 1.92273
1.13227 0.859482
1.35695 0.999277
1.30507 0.948387
2.43929 1.67114
3.04138 2.06499
1.85106 1.30579
1.0301 0.79654
0.870031 0.710649
0.640795 0.552332
3.04375 2.08202
1.91325 1.34841
2.87246 1.98076
0.267416 0.298687
1.07219 0.836496
3.09933 2.07834
2.50183 1.70082
2.80147 1.92748
2.01072 1.39419
1.75292 1.24156
1.5256 1.09977
0.545099 0.481913
0.489286 0.44681
1.12495 0.850832
0.257611 0.303266
2.79041 1.8953
2.90002 1.96771
0.553803 0.480607
1.91091 1.3573
2.72154 1.86944
2.338 1.61853
1.74858 1.25521
0.726834 0.60985
1.48819 1.08166
0.330971 0.334307
0.596671 0.526273
0.679221 0.573113
3.02292 2.04435
2.23789 1.5541
1.07584 0.833768
0.264319 0.295107
1.25281 0.940907
2.42803 1.68616
0.19763 0.251585
0.558419 0.495023
1.74537 1.26191
2.8061 1.92285
0.514399 0.453758
2.65448 1.82108
2.54193 1.75055
0.341201 0.362227
2.81061 1.91663
1.6279 1.1847
1.97128 1.35863
2.49751 1.73044
2.37077 1.66223
2.59945 1.78723
1.08183 0.802976
0.161218 0.232772
0.15076 0.245192
1.09493 0.818811
0.745404 0.602188
2.54363 1.72202
2.93208 1.98322
2.33671 1.64097
2.65095 1.8217
2.30263 1.58027
1.16588 0.886004
0.304592 0.322106
2.85646 1.94299
0.117682 0.202348
1.13702 0.873719
2.38471 1.64324
0.528437 0.45222
0.511409 0.43821
3.08486 2.09594
1.86796 1.32342
1.45198 1.0607
0.211669 0.279233
1.08998 0.840469
2.82164 1.91587
1.74627 1.24838
2.44698 1.7025
0.327294 0.332818
2.61772 1.77462
1.1723 0.883385
2.84219 1.9309
1.16395 0.859889
0.167123 0.231984
2.87933 1.98258
2.0873 1.45664
3.03024 2.06251
0.661164 0.561854
0.13059 0.222174
2.05549 1.44648
0.139152 0.219348
2.00766 1.39199
1.08319 0.82189
1.09671 0.847415
2.06934 1.43896
2.55604 1.7694
1.32889 1.00383
2.47095 1.72398
1.16751 0.880424
0.485721 0.46155
1.08672 0.842459
2.33415 1.6345
0.861807 0.667585
2.64509 1.81243
2.80545 1.93297
1.94035 1.3606
2.42395 1.69412
1.25377 0.931855
1.42145 1.04909
1.08204 0.817339
2.75304 1.87519
0.701792 0.560133
2.88939 1.97611
2.89502 1.97122
2.8903 1.97344
2.46433 1.69743
1.89092 1.34208
2.41865 1.67702
0.326077 0.369613
2.03638 1.43184
0.224835 0.273787
0.718447 0.590663
1.94229 1.36229
0.203064 0.287405
2.46449 1.7142
2.85184 1.9613
1.41247 1.03356
1.43941 1.05665
1.54411 1.12809
0.158883 0.245594
0.265829 0.32607
1.23124 0.895634
0.526409 0.469424
2.7535 1.87217
0.344697 0.352968
1.87037 1.34057
1.34355 0.973332
1.78287 1.27647
2.98494 2.02377
2.73085 1.87156
0.734165 0.613765
0.673209 0.547867
1.37271 1.02005
1.04743 0.791263
0.740667 0.602059
2.92168 1.99087
1.941 1.36796
0.400551 0.384685
3.04631 2.06455
0.19116 0.254918
0.550245 0.4823
0.545924 0.484204
0.556351 0.477115
2.91296 1.97283
1.43614 1.03805
1.51937 1.08727
2.02626 1.42049
0.567031 0.49099
1.94125 1.36759
2.4172 1.67863
1.09256 0.848648
1.09965 0.837212
0.127561 0.226872
2.43923 1.67293
2.44791 1.68539
0.974823 0.75464
2.20392 1.53251
3.04736 2.0629
2.01831 1.40656
2.78847 1.90267
2.47784 1.69786
0.216477 0.275654
2.47286 1.68502
0.826513 0.66585
1.97672 1.40152
1.93354 1.36229
0.40497 0.400398
2.75157 1.87406
2.27944 1.5839
0.346 0.342507
0.678139 0.567398
2.6965 1.83665
2.30127 1.62333
0.179829 0.263592
2.82338 1.92629
1.72083 1.22675
1.84352 1.30749
0.676955 0.574849
2.92696 2.0038
0.680908 0.561344
2.2591 1.56333
1.0671 0.822753
1.96532 1.39892
1.80482 1.27794
2.1494 1.49884
2.70951 1.872
2.26967 1.57536
0.254786 0.274804
1.77664 1.26579
2.8136 1.90887
0.189784 0.253026
1.14577 0.864331
2.09309 1.44965
0.782082 0.628948
1.55056 1.11932
0.561817 0.503418
2.04458 1.45678
1.25364 0.939094
0.357175 0.353176
0.972044 0.756648
2.70166 1.8479
0.771086 0.631675
1.48675 1.08762
0.933768 0.70689
1.54795 1.10899
1.79313 1.27306
1.58326 1.1315
1.42019 1.05272
0.709674 0.579922
1.99522 1.40068
2.20813 1.51144
0.105901 0.20132
2.19664 1.53482
2.6828 1.84823
2.32467 1.6165
2.70934 1.8714
1.87499 1.31943
3.05528 2.0728
1.77762 1.25125
2.88352 1.96457
1.00379 0.786302
2.70844 1.84946
1.71392 1.2275
1.87858 1.33647
0.180785 0.246805
1.44724 1.04568
0.539644 0.480254
1.17899 0.863306
1.61692 1.16721
0.122724 0.231493
2.98955 2.02851
1.53487 1.12335
2.46267 1.69215
1.47528 1.06683
1.73457 1.22866
2.48928 1.71014
2.95187 1.99095
1.23728 0.920109
0.441157 0.423506
2.28471 1.55614
0.856691 0.688161
2.9193 1.99669
1.62984 1.15975
1.99462 1.3931
0.436437 0.429045
2.58635 1.76095
2.30533 1.61558
2.89785 1.96783
1.50385 1.10699
0.567545 0.510832
0.645821 0.5447
2.12427 1.49951
0.974327 0.754183
1.10756 0.836143
2.21399 1.53357
2.7811 1.88351
0.55031 0.486717
1.22364 0.921374
2.2209 1.52341
0.204011 0.26742
0.553352 0.47427
1.27135 0.956117
0.348043 0.324573
2.27027 1.58
0.483986 0.474089
1.20652 0.900897
0.677654 0.567289
0.802128 0.630926
2.3213 1.61699
0.855293 0.662284
1.72873 1.22997
2.54043 1.73237
0.993874 0.763446
0.798234 0.660988
2.01708 1.42205
3.01705 2.05191
2.76744 1.91175
1.38021 1.01449
0.126923 0.212238
2.54432 1.76981
2.84039 1.96756
2.98741 2.01514
0.483265 0.452288
1.07534 0.816128
1.06684 0.799811
1.43743 1.06257
2.70309 1.83702
0.891423 0.713238
2.36488 1.60821
1.06498 0.815148
0.289312 0.320773
2.34719 1.61483
1.31064 0.951083
1.68671 1.18752
2.24372 1.54994
1.77869 1.26976
0.80401 0.635622
0.9122 0.717668
1.54192 1.12619
3.06761 2.09467
0.38475 0.379824
1.5331 1.09584
2.21127 1.53956
0.783489 0.636957
0.921115 0.73764
1.07288 0.823492
0.794297 0.636824
1.01802 0.767118
0.38144 0.36569
1.62445 1.1581
1.68065 1.17722
0.158777 0.232251
1.68305 1.20859
2.01467 1.41957
1.69718 1.20837
0.51521 0.459257
1.77751 1.25022
1.44957 1.0537
1.6669 1.19455
2.79566 1.89706
0.998126 0.79042
2.41943 1.66578
1.66072 1.19243
1.04713 0.792929
2.43839 1.70433
1.61133 1.15992
0.268906 0.304978
2.72374 1.86282
1.61279 1.14831
2.9407 2.00339
1.54231 1.11241
2.3824 1.6332
1.6289 1.16741
0.55755 0.4805
2.97155 2.02222
1.93675 1.3489
2.17857 1.51612
2.65593 1.82021
0.938365 0.72718
1.55769 1.16088
2.18498 1.52325
0.824646 0.637808
0.12804 0.218682
1.43683 1.05451
1.74396 1.26987
3.08132 2.08809
0.732906 0.604156
0.357642 0.340248
2.95979 1.99579
2.65111 1.80533
1.3855 0.999841
2.77772 1.89662
0.638176 0.537926
3.0022 2.0119
1.06781 0.810688
2.34628 1.62353
2.05314 1.42725
2.08041 1.45995
1.72419 1.21102
0.998916 0.774924
0.417393 0.41998
0.948742 0.732465
1.97761 1.39251
3.07229 2.0765
1.95704 1.39097
2.43257 1.68442
1.35511 1.01103
0.90156 0.710921
2.5681 1.769
0.184203 0.25599
0.14809 0.225858
1.17842 0.902303
0.555309 0.469876
0.65206 0.560196
0.979006 0.747143
0.956056 0.731891
1.10804 0.83225
1.4643 1.07253
2.37796 1.64672
1.46883 1.04647
1.31587 0.979759
2.11116 1.48617
2.86003 1.94841
2.52714 1.73247
1.27588 0.934946
0.745131 0.603432
0.47254 0.438557
0.285343 0.318594
0.245936 0.283057
1.56002 1.13306
0.49505 0.446752
1.45955 1.0454
0.279523 0.324851
2.75542 1.89183
2.98206 2.02424
1.30133 0.96122
1.91353 1.36645
1.55989 1.13265
0.603507 0.508448
0.706997 0.601267
2.51095 1.73181
1.43802 1.06715
2.60171 1.78639
0.427292 0.393453
1.70059 1.22068
1.58596 1.14248
0.888212 0.677559
2.79566 1.91415
1.44203 1.0523
1.91497 1.33961
0.393115 0.393896
2.97376 2.00711
0.608707 0.538332
0.993941 0.759317
0.550228 0.485213
1.33404 0.971491
1.15185 0.873341
1.69805 1.21141
1.82172 1.30337
1.92345 1.35803
0.478502 0.435611
2.60869 1.78031
2.15502 1.4954
2.1747 1.5002
2.36512 1.64408
1.74209 1.22846
0.442677 0.419407
1.0347 0.809057
1.16378 0.879501
0.745053 0.623442
1.50052 1.09177
1.14773 0.868827
1.26632 0.919043
1.24221 0.921914
1.63018 1.17924
1.1666 0.851099
2.61303 1.78696
1.07919 0.8233
1.81872 1.29211
3.01701 2.05044
1.30085 0.963374
0.119467 0.211261
0.904335 0.685393
2.59604 1.77565
1.29115 0.945135
1.38464 1.00671
0.638357 0.553405
2.93121 1.98198
2.69503 1.82576
2.55873 1.76752
2.76668 1.87983
2.44819 1.68955
0.273162 0.308002
1.46781 1.06278
0.437779 0.400222
2.40452 1.67278
2.80524 1.91839
1.64126 1.15058
1.58197 1.15147
0.614974 0.543535
2.4105 1.66756
0.432595 0.40887
2.89117 1.98432
2.38567 1.65007
1.9031 1.35521
2.67655 1.85049
0.959976 0.754619
1.80273 1.27474
1.17532 0.881641
2.19167 1.51849
3.00436 2.04862
0.256899 0.313119
2.07303 1.45154
0.916229 0.731016
2.65081 1.80584
2.53879 1.76977
1.66216 1.19748
1.4153 1.0379
1.73412 1.22407
3.06217 2.07138
2.88915 1.96005
0.627478 0.529105
1.89919 1.32896
0.543055 0.470325
1.98083 1.37465
0.750602 0.622085
1.14275 0.853383
2.54828 1.74405
1.45802 1.06457
2.66103 1.82048
2.98066 2.03881
0.30825 0.331809
2.49494 1.69234
2.54627 1.75994
0.441926 0.434683
1.94829 1.35958
2.58832 1.7786
3.05964 2.07546
2.10986 1.46581
1.10739 0.822001
1.60982 1.16651
1.21497 0.897609
2.81512 1.93419
2.57732 1.76217
1.11016 0.807005
2.46698 1.6807
2.8061 1.93087
1.25008 0.91001
2.48935 1.73665
2.70825 1.85678
2.47105 1.69742
1.21649 0.937471
1.46699 1.06872
2.6064 1.80226
3.01377 2.04376
1.02684 0.76709
1.90425 1.34273
1.95743 1.37617
1.15149 0.858328
2.15534 1.50285
2.20848 1.54352
2.63338 1.82031
2.9569 1.99836
2.79719 1.90691
2.5258 1.74827
2.68656 1.82531
0.106309 0.209228
2.31101 1.61569
2.53022 1.74462
1.69017 1.21688
0.741094 0.595869
0.748889 0.615972
1.42156 1.05949
2.61909 1.77723
0.940015 0.725633
0.420823 0.407401
0.415919 0.405514
2.69791 1.86773
0.109811 0.231576
0.652759 0.54785
2.63812 1.80252
0.249329 0.308818
0.934667 0.719026
1.28476 0.956874
0.966935 0.746659
1.57865 1.1493
0.485635 0.435542
0.237924 0.290992
3.02837 2.04768
2.64286 1.82124
1.64833 1.17242
2.18784 1.52451
1.1152 0.835895
2.28485 1.57798
2.61003 1.81313
2.85833 1.95041
0.970063 0.759575
2.45452 1.69585
2.28298 1.58534
0.684975 0.576689
1.47159 1.0687
3.05338 2.07453
0.760631 0.622932
1.1756 0.877961
0.809972 0.647813
1.18095 0.897637
0.892448 0.688037
1.5373 1.10062
0.450141 0.433772
2.49191 1.70468
3.02788 2.05602
1.48563 1.09448
2.8864 1.96042
1.20337 0.897374
2.36145 1.62282
2.2493 1.54983
0.39939 0.384858
0.399489 0.4167
0.76103 0.630239
3.04079 2.04306
0.289144 0.331906
0.16535 0.231517
0.140719 0.232846
2.65952 1.80307
2.4625 1.71378
2.22472 1.54614
0.701299 0.585105
1.24738 0.929207
0.44863 0.420545
2.13859 1.49413
1.18717 0.907729
1.88819 1.33981
0.330475 0.340464
1.63978 1.18721
1.45836 1.04524
1.42424 1.02715
2.46762 1.68746
3.05685 2.07871
2.24678 1.55997
1.13872 0.856882
0.165705 0.24892
2.20863 1.53699
1.74954 1.25103
1.78263 1.26388
2.55563 1.75615
1.3419 0.997362
1.31602 0.964103
1.85529 1.31753
0.993662 0.760117
2.12125 1.50965
1.39036 1.02391
0.7718 0.627777
0.530537 0.465281
2.64348 1.80065
2.81268 1.91892
2.5481 1.73624
1.20833 0.915687
1.13057 0.823491
2.95989 2.00946
0.557186 0.475284
2.96129 2.02
1.41407 1.03258
3.05559 2.09862
1.10687 0.848784
1.28672 0.948689
0.359565 0.371523
2.15346 1.49875
0.35571 0.33607
0.481951 0.453535
0.536194 0.468558
0.136733 0.215526
2.14705 1.51315
2.46856 1.6878
2.11632 1.47904
2.4305 1.66061
2.13477 1.47698
1.77016 1.25263
2.24496 1.56434
0.900836 0.699722
0.536694 0.480371
0.453886 0.418511
1.29147 0.960111
2.57745 1.78814
2.256 1.55413
2.63283 1.80548
1.7339 1.22244
0.236805 0.303276
2.27863 1.58991
1.48628 1.07377
0.208828 0.292443
1.78386 1.26733
0.531212 0.466063
2.75734 1.90658
1.64257 1.18216
1.89559 1.33702
2.8631 1.93073
0.876643 0.698688
0.571464 0.476859
1.76111 1.25286
0.839802 0.667117
2.87484 1.95797
3.02926 2.05972
1.04677 0.7796
1.15246 0.879388
2.91473 1.99203
3.09981 2.09514
2.91782 1.97322
1.9864 1.40111
0.179556 0.250862
0.7295 0.584122
2.38712 1.65577
0.658649 0.554255
0.114449 0.220972
1.50912 1.09841
0.754081 0.63222
0.47591 0.448215
2.2144 1.52841
1.93306 1.35462
2.60571 1.79072
2.65609 1.80717
1.00695 0.782857
0.898313 0.705553
1.08011 0.829187
1.85289 1.32291
2.09166 1.4658
2.05346 1.4497
1.2947 0.934922
1.36891 1.03087
2.72965 1.86398
0.513237 0.439028
0.407225 0.409359
1.59316 1.14173
0.902995 0.704252
2.27412 1.58236
2.90471 1.95892
0.288356 0.327582
1.16573 0.870476
0.662163 0.547872
1.93215 1.3832
1.4973 1.08757
2.54469 1.75185
0.347388 0.359075
2.68736 1.8555
1.42871 1.05487
2.8635 1.93993
2.07427 1.42357
1.13744 0.870318
2.9014 1.98208
2.05382 1.41308
2.1984 1.50699
1.01942 0.775634
1.39651 1.03887
1.35994 1.00818
1.28276 0.94328
0.620636 0.520474
0.189011 0.269604
1.78308 1.26454
0.25991 0.300356
2.67099 1.84031
1.93194 1.35385
2.42776 1.69408
1.59948 1.16219
3.02456 2.05764
0.362047 0.355217
1.76577 1.26385
2.06846 1.43845
0.148991 0.238703
2.32254 1.59106
2.93015 1.98041
2.49558 1.71795
0.245245 0.285586
0.575476 0.506699
0.612941 0.516661
0.128735 0.223928
0.955612 0.744233
2.88458 1.95399
1.11905 0.851307
1.55626 1.12555
2.78168 1.90055
3.09597 2.07522
1.43559 1.04935
2.42508 1.69256
2.85323 1.94316
0.705336 0.586959
0.479542 0.433954
2.42458 1.65651
2.54463 1.74793
0.616221 0.510387
1.29907 0.953079
0.922517 0.731078
1.33474 0.99372
1.01179 0.780489
0.928917 0.747678
2.70869 1.84302
3.07229 2.08461
2.88977 1.96893
1.25584 0.91953
3.00064 2.01691
0.581329 0.510049
0.0946797 0.195032
0.113646 0.22706
1.29038 0.966464
1.84135 1.28656
1.20383 0.880032
3.02368 2.05655
0.777627 0.636396
1.21973 0.906012
1.52305 1.10302
2.77095 1.88767
0.436133 0.412249
2.13581 1.49532
1.04398 0.802165
1.38068 0.991226
0.372187 0.384374
1.26914 0.941757
1.66127 1.17756
1.4594 1.04168
2.05259 1.44771
0.829602 0.656069
2.91397 1.99957
1.93278 1.36447
0.542139 0.467238
2.71513 1.85843
1.24245 0.928172
1.76368 1.23634
0.987386 0.753358
1.65042 1.1613
2.15884 1.51376
1.47677 1.07264
0.184992 0.2593
1.83151 1.29136
0.838414 0.652349
1.97287 1.40468
1.98818 1.37478
2.5015 1.72458
0.44298 0.430165
2.82484 1.92704
1.05158 0.807229
0.58906 0.515946
2.44781 1.69028
0.512869 0.461402
2.03841 1.44903
0.431286 0.411963
2.22963 1.54116
2.29642 1.58783
0.723901 0.587474
1.61601 1.14085
2.48709 1.71044
2.89206 1.97738
1.98371 1.36513
2.06237 1.44242
2.21175 1.5126
1.97579 1.41512
1.49534 1.07851
2.49112 1.71505
1.68372 1.19365
2.54323 1.74815
0.249046 0.282093
0.256332 0.295916
0.123856 0.19476
2.22752 1.53632
1.46319 1.03893
1.95589 1.39125
2.44633 1.69483
2.20624 1.53778
0.359572 0.35646
1.27676 0.927569
3.04872 2.08249
1.26675 0.934064
2.09969 1.46849
2.38273 1.64251
2.08881 1.44297
2.91427 1.98306
1.53408 1.09158
2.27717 1.58797
0.306507 0.340991
1.14875 0.88144
0.188055 0.257368
1.354 0.982761
1.61107 1.1657
2.83549 1.93917
0.590833 0.506583
2.97735 2.01154
1.71497 1.22755
3.04356 2.05331
1.5366 1.12612
1.85029 1.3052
0.430566 0.4405
0.303421 0.322006
1.246 0.924852
1.18467 0.884312
1.86184 1.30136
2.72227 1.86422
2.83626 1.92126
2.46972 1.69617
2.17707 1.52706
2.39551 1.66497
2.58681 1.77609
1.56545 1.11365
1.27856 0.945757
1.50831 1.10293
1.34312 0.99489
2.93251 2.0148
0.585052 0.528191
1.06084 0.799179
0.964446 0.738204
1.34621 0.984165
2.12339 1.47182
2.66194 1.82187
0.761848 0.613827
2.93347 1.98434
0.767456 0.615243
0.750495 0.619129
2.61242 1.77423
1.46743 1.05863
0.271591 0.306364
0.611204 0.515285
0.781926 0.628042
2.87281 1.964
1.40459 1.03307
0.328776 0.362256
0.25088 0.305984
0.207941 0.269333
1.1058 0.837757
0.386808 0.366673
2.02262 1.41309
2.03962 1.43583
2.82081 1.91262
0.173002 0.250458
1.35046 0.998922
1.75783 1.2556
1.79025 1.26235
0.617792 0.533803
1.59781 1.14496
2.00296 1.4071
1.66812 1.20102
1.76271 1.25984
0.659962 0.541114
2.68422 1.83848
2.71783 1.86114
0.553756 0.497403
0.429201 0.414281
2.10922 1.48029
2.19747 1.50444
2.23759 1.54938
2.01862 1.42135
1.17671 0.883574
2.43714 1.67417
2.19274 1.537
3.04447 2.07943
0.907175 0.708399
2.75162 1.85496
2.95239 2.02826
2.38808 1.62829
1.00183 0.793846
2.33764 1.62105
2.97041 2.00463
1.15225 0.860492
2.45184 1.67592
0.565946 0.505745
2.36485 1.63796
1.16608 0.891188
1.30954 0.966238
3.01481 2.02617
0.783129 0.617859
0.208072 0.278572
0.712608 0.589783
0.912056 0.751108
0.275852 0.328428
2.647 1.83337
1.69648 1.17741
0.612336 0.512091
0.511614 0.474816
2.52908 1.74948
2.82629 1.93269
1.23954 0.921121
1.90837 1.35399
2.48407 1.70128
2.40205 1.68074
1.49074 1.08838
2.46867 1.71098
0.666366 0.55363
3.04214 2.07776
2.62316 1.80033
2.63609 1.79122
1.23183 0.925962
2.05284 1.44902
1.05408 0.808834
1.95769 1.37147
0.775236 0.626685
1.16178 0.857609
1.9468 1.36026
2.2869 1.58117
0.379045 0.391045
1.21458 0.909081
2.32317 1.61666
1.79922 1.26922
1.99836 1.40431
3.06181 2.06194
0.152546 0.242863
1.63132 1.18048
1.48934 1.09877
0.867524 0.686583
0.512858 0.465948
1.23822 0.928975
1.86164 1.30465
2.91189 1.98026
2.4577 1.67915
1.15759 0.84995
2.93327 2.00767
1.38845 1.00856
0.831817 0.690071
2.7428 1.86155
2.1816 1.51801
1.91718 1.35748
1.40769 1.03964
0.955279 0.739755
1.49876 1.08027
2.37827 1.64394
1.45657 1.05706
2.77836 1.91625
2.69001 1.84735
2.20436 1.54875
1.58841 1.14842
1.30679 0.971478
3.00602 2.01319
1.70066 1.22011
0.973585 0.762055
0.879664 0.710802
0.388865 0.371489
0.193097 0.256192
2.24027 1.55058
1.61338 1.16558
2.18134 1.51852
2.16409 1.4943
3.07335 2.07752
1.00784 0.773699
2.91021 1.99136
0.481217 0.443286
2.76097 1.86937
0.765365 0.611119
1.89607 1.34814
0.621845 0.538881
1.79547 1.27247
2.55037 1.73145
2.88198 1.96024
2.02358 1.44648
0.837374 0.656353
0.18084 0.259641
2.45763 1.70016
1.93418 1.35499
1.41857 1.03169
1.89287 1.35734
0.53726 0.479714
2.18978 1.53121
2.36515 1.64494
1.90116 1.32447
1.58556 1.14094
2.88688 1.97773
1.4064 1.01873
1.03593 0.795751
1.29117 0.963308
1.62873 1.15767
1.11535 0.850433
2.3568 1.61753
0.23935 0.296935
0.939193 0.730668
0.666654 0.555308
2.20453 1.51674
0.389044 0.395897
0.547443 0.458313
1.35908 0.99474
1.4018 1.02368
1.18224 0.886926
0.927542 0.716856
0.741936 0.609355
3.09071 2.10299
0.628187 0.530484
0.201477 0.262722
2.47435 1.72028
0.652952 0.566148
1.40195 1.00822
2.2513 1.56063
2.21375 1.53054
2.78897 1.88746
3.04827 2.03695
2.15643 1.51207
2.82575 1.91587
1.59293 1.14222
3.06636 2.06105
2.28095 1.57509
2.75304 1.88037
0.130075 0.238142
1.1431 0.865665
1.36029 0.97831
2.79989 1.92029
0.19026 0.236627
2.92166 1.97164
1.58338 1.15638
1.78252 1.24248
0.114754 0.211459
1.54063 1.10701
0.932943 0.725005
1.11744 0.847458
3.10891 2.08676
0.581322 0.485341
0.662722 0.545816
1.92199 1.34929
0.721663 0.5768
0.582822 0.517231
0.0917786 0.202785
1.86944 1.31105
2.21797 1.56254
1.60295 1.15775
0.232987 0.268992
0.937972 0.738184
2.81998 1.92148
2.69868 1.84281
1.33664 0.978783
0.280547 0.334807
0.484922 0.436224
0.863051 0.674654
2.13168 1.50361
2.27945 1.58645
1.63766 1.18981
2.01789 1.41648
2.8382 1.9334
1.80873 1.26361
2.45158 1.70994
2.57792 1.74654
2.48339 1.71441
1.19562 0.903563
0.942706 0.707611
2.82255 1.91422
2.48499 1.72157
1.86726 1.32981
0.111195 0.187836
0.862576 0.684025
0.558147 0.497783
2.93835 1.9827
0.872137 0.687523
2.81164 1.91502
0.994972 0.787037
2.32876 1.61486
2.57072 1.76669
0.742286 0.608166
1.01149 0.769934
0.374068 0.345206
0.2558 0.298452
3.06101 2.08701
0.745503 0.639201
1.32492 0.953255
1.73724 1.2596
1.12603 0.847557
0.231825 0.280495
1.10897 0.844335
1.26046 0.933843
2.96043 2.02064
0.276536 0.310736
2.28784 1.61124
2.92187 2.00414
1.17441 0.87334
2.05166 1.42586
0.839756 0.662501
2.53336 1.76256
0.98237 0.75348
2.91229 1.97198
1.34383 0.986795
0.158626 0.231166
2.87514 1.95441
1.84889 1.32059
2.02816 1.41588
0.18009 0.236884
2.29938 1.59114
2.01286 1.41287
1.88487 1.34578
2.39182 1.66931
2.08563 1.4561
2.55942 1.77196
1.44102 1.04081
0.830134 0.6596
0.864118 0.686218
1.40367 1.02655
1.36814 1.00613
1.45105 1.04361
1.60333 1.13899
1.78596 1.23407
1.41056 1.02671
1.20947 0.90076
1.79281 1.28595
0.206335 0.259328
0.973758 0.758365
0.402402 0.398664
1.5036 1.06438
3.01598 2.04702
1.43056 1.0448
1.77028 1.25038
0.540095 0.492684
0.428785 0.445429
2.38805 1.66164
1.27158 0.949214
2.68842 1.84456
1.3038 0.973897
1.83456 1.28773
0.317344 0.325704
2.86842 1.94584
1.5212 1.07484
2.44012 1.69495
1.98349 1.39957
0.377655 0.36693
2.03484 1.41594
1.1284 0.833224
0.123966 0.204692
0.498422 0.454512
1.3575 0.98716
1.8184 1.29239
2.34982 1.61668
0.306008 0.318849
2.88311 1.974
2.98094 2.02175
1.62873 1.16042
2.21367 1.52858
1.05169 0.794608
1.92728 1.35579
2.22444 1.54295
2.9215 1.96584
1.03985 0.796095
2.73586 1.86179
1.25928 0.947862
2.69469 1.83359
2.03087 1.45353
0.713909 0.582227
1.12755 0.84886
2.54973 1.75232
1.18732 0.866706
2.56368 1.75599
2.597 1.77178
2.18518 1.53
1.09476 0.821388
2.1812 1.52437
2.77597 1.8746
1.73307 1.23024
0.792865 0.625605
1.11169 0.843584
0.289257 0.321305
1.80171 1.279
2.74471 1.86886
1.75394 1.24372
1.60341 1.15617
0.242836 0.279844
1.44142 1.04186
2.58145 1.78692
1.75418 1.25408
3.03629 2.06044
1.85844 1.32647
1.16204 0.874064
2.40829 1.65086
3.11347 2.09833
0.419531 0.394585
2.51269 1.72618
0.827512 0.642143
0.89294 0.684322
0.190077 0.275517
2.48754 1.67733
0.191354 0.255192
2.12391 1.48163
1.20219 0.88866
0.344053 0.331714
3.04359 2.06436
1.86383 1.33118
0.910876 0.708665
2.15129 1.47765
1.3504 1.01708
0.82905 0.6665
1.32278 0.997721
1.16828 0.87222
1.14225 0.853049
2.13789 1.48835
1.73688 1.23813
0.421885 0.427021
1.25513 0.932286
1.29073 0.928956
2.25479 1.55658
0.793105 0.632717
2.41919 1.6809
1.24235 0.927025
2.0199 1.41423
2.49867 1.73133
2.3136 1.59342
0.736222 0.610425
2.63084 1.80438
2.75093 1.88265
0.624318 0.526213
0.1873 0.262732
1.93982 1.369
0.37977 0.365065
0.705088 0.611116
0.446098 0.418801
3.00822 2.0374
2.11399 1.48426
1.17916 0.888274
0.672785 0.553953
2.70747 1.84854
1.09376 0.825288
1.42057 1.0371
2.24963 1.57067
1.60515 1.15555
1.98513 1.40316
1.12184 0.840438
1.73655 1.22745
2.58809 1.77941
2.88738 1.954
2.96866 2.03072
1.43685 1.05945
2.28022 1.58355
1.25286 0.93169
1.06172 0.821843
2.03306 1.41952
0.67642 0.562649
2.52343 1.73945
1.96221 1.37789
0.983339 0.764985
0.438373 0.412845
1.37911 1.01053
3.00399 2.05792
1.82566 1.2739
1.76516 1.26253
0.168909 0.267713
3.09511 2.10568
0.868881 0.690419
0.388058 0.372104
2.468 1.70269
2.54187 1.74246
0.535573 0.474366
2.02391 1.42406
0.910753 0.717671
1.8338 1.30982
1.17603 0.862559
3.01994 2.03746
2.3668 1.61198
1.80476 1.26372
2.70774 1.85256
2.86721 1.94086
1.0313 0.77382
0.146562 0.230991
2.09221 1.46533
0.437592 0.395792
0.691372 0.588756
1.37959 0.98207
1.63439 1.18105
3.06606 2.09577
0.701631 0.59729
2.44846 1.69477
2.25787 1.56457
2.42885 1.66136
0.277125 0.298788
0.828203 0.643808
2.38041 1.64339
2.02333 1.40017
1.06347 0.796211
0.825447 0.649212
1.87476 1.31112
2.03379 1.4116
0.341092 0.367199
1.8874 1.32985
1.52834 1.11627
2.58202 1.7732
2.74409 1.83566
1.86462 1.31562
1.25632 0.956009
2.71831 1.86648
1.02756 0.79225
0.258258 0.292543
0.612562 0.527682
0.135238 0.24699
0.541011 0.474489
2.37619 1.65499
2.51791 1.73211
0.158125 0.22333
1.95339 1.38225
0.634395 0.55121
1.13953 0.851434
0.638637 0.53263
1.86274 1.31769
2.11123 1.47093
2.30715 1.59547
2.43911 1.71032
2.72216 1.85325
2.07522 1.45286
0.520962 0.464247
2.35943 1.6269
2.89192 1.97666
1.68496 1.22466
1.18655 0.895811
1.38156 0.999629
0.583124 0.516179
1.07116 0.806436
1.9618 1.3846
0.317213 0.367228
1.17037 0.884352
2.9805 2.01301
1.06994 0.807008
2.48008 1.70247
2.40123 1.65729
2.72365 1.85617
1.3102 0.9621
0.731101 0.61037
1.36351 0.98304
1.89276 1.32938
2.08079 1.45572
2.60936 1.78961
1.86578 1.30472
2.28776 1.5945
2.17986 1.49476
2.28689 1.59738
0.489737 0.447455
1.78973 1.25861
0.232755 0.270146
2.85349 1.95032
2.24002 1.55956
0.122737 0.217059
0.784343 0.617007
0.499855 0.449675
2.37406 1.65234
0.54936 0.481796
1.3387 0.984711
2.97703 2.05605
2.96922 2.02133
2.95296 1.99899
0.473252 0.430817
1.02461 0.778969
0.927675 0.727072
0.806834 0.662454
0.57384 0.51343
1.95372 1.3814
1.1471 0.849677
1.90146 1.34721
2.15607 1.52632
2.54183 1.75523
0.552254 0.478192
2.35694 1.63807
1.71397 1.23847
0.420867 0.411826
2.00963 1.41777
2.88732 1.98613
1.5303 1.11609
1.93916 1.3576
1.46929 1.07366
0.691209 0.577603
1.05951 0.807236
2.26469 1.53819
0.631114 0.518981
1.85048 1.2924
1.44062 1.03878
1.15961 0.905294
2.75353 1.86787
1.84743 1.30505
0.208042 0.262713
2.35604 1.62056
1.31217 0.969902
1.41466 1.0374
2.25453 1.5696
2.54863 1.7457
0.189424 0.24832
1.12233 0.844813
2.59915 1.78116
0.240945 0.266375
0.344772 0.346018
1.66174 1.18652
2.84147 1.92718
2.74376 1.85912
0.956292 0.731769
0.600953 0.505514
1.2962 0.94563
2.43883 1.6757
1.09252 0.820303
1.48216 1.0712
0.229636 0.289721
0.271344 0.330507
2.6642 1.80614
2.47594 1.72427
0.472282 0.461124
1.03293 0.793035
2.58199 1.77983
0.536828 0.457199
0.118139 0.203868
3.07631 2.08994
2.19299 1.52299
0.125894 0.208697
0.715242 0.57174
0.342341 0.35283
0.644617 0.538246
2.77299 1.89315
0.852974 0.681097
0.47544 0.447738
0.89085 0.681502
1.5332 1.12985
1.378 1.00489
0.900491 0.714056
2.97513 1.98622
2.29134 1.603
1.75262 1.21448
2.53396 1.74296
2.62973 1.80081
0.161848 0.269571
1.71098 1.21743
0.240943 0.288911
1.01579 0.770289
2.7096 1.82821
1.96551 1.37567
1.23023 0.934031
2.48372 1.7184
0.860505 0.67726
1.78501 1.25834
1.8047 1.29075
1.24624 0.931115
0.253786 0.291114
0.940649 0.723922
0.387374 0.376355
2.64695 1.81397
0.355016 0.343731
1.434 1.07509
1.61465 1.15138
0.516852 0.482699
1.20244 0.893877
1.45468 1.04809
1.25914 0.911848
1.41715 1.02642
0.68565 0.561324
2.71467 1.86219
2.53289 1.75549
0.204071 0.24903
0.205815 0.251411
1.32932 0.967077
2.40971 1.67278
1.63952 1.16805
0.857073 0.677649
1.99729 1.39544
2.55654 1.76551
2.10996 1.47518
1.23423 0.913525
2.14235 1.47506
1.95671 1.35908
2.73596 1.85738
0.943453 0.750881
1.84311 1.31332
2.22211 1.53925
1.45662 1.04237
2.29531 1.57158
0.0975313 0.197743
1.06749 0.808707
2.76676 1.88628
2.27747 1.57972
2.90285 1.96072
0.140498 0.229907
2.41947 1.65471
2.44256 1.70113
1.26984 0.979871
1.93287 1.37038
1.56878 1.09694
0.405836 0.392147
1.76553 1.25279
2.00945 1.39997
2.88599 1.9571
0.16881 0.25073
2.33318 1.60227
2.76036 1.88714
1.18727 0.880443
0.437175 0.395234
0.825197 0.668065
1.84851 1.33989
2.8918 1.97284
2.44606 1.67392
2.41198 1.66582
0.473249 0.411511
3.00042 2.03717
1.47111 1.05255
1.82594 1.30557
2.29603 1.58969
2.14214 1.48888
1.22345 0.908956
1.74732 1.23932
1.0508 0.771881
2.27496 1.57541
1.44969 1.06379
0.272509 0.292287
1.08095 0.829335
2.70111 1.86073
2.7973 1.91969
0.190386 0.259082
3.02058 2.04788
2.07848 1.44237
2.3508 1.63438
1.69143 1.20882
1.23115 0.911147
1.57618 1.1229
2.62977 1.80641
1.81304 1.27231
0.312015 0.346022
0.287176 0.323845
0.462476 0.433077
0.552882 0.500943
0.5691 0.487473
0.152975 0.237324
0.362072 0.343002
0.865552 0.684474
1.90365 1.33091
0.958513 0.735265
1.56965 1.09668
2.64346 1.82206
2.62045 1.82267
0.955333 0.753074
0.639945 0.540728
1.54583 1.12283
0.18937 0.246578
2.28937 1.57461
0.677258 0.565561
2.78516 1.89539
2.95805 2.0159
2.80887 1.88358
1.00462 0.774935
1.3594 0.988412
1.25028 0.920541
2.14655 1.50746
2.53886 1.7414
1.05592 0.815298
0.37013 0.370129
1.02716 0.802737
1.60821 1.15276
1.17189 0.882081
2.98453 2.0215
0.944689 0.726224
0.741629 0.594053
1.17798 0.8761
1.63101 1.17663
0.480254 0.415993
0.31665 0.331959
2.33555 1.60721
1.1489 0.862462
2.44421 1.68042
0.953454 0.742292
1.51738 1.08344
2.56385 1.74917
1.44326 1.04161
1.72948 1.23953
0.53757 0.458797
1.9784 1.3916
0.906617 0.716078
0.413723 0.40666
1.15929 0.874997
1.57877 1.14885
1.0211 0.775065
1.75542 1.23635
1.98624 1.38273
1.75273 1.23419
1.57062 1.12862
2.74232 1.85363
0.304433 0.307979
0.225897 0.265384
1.85819 1.31327
0.487381 0.455122
2.87848 1.95654
1.96541 1.38203
3.081 2.11028
2.33876 1.63612
2.70377 1.85659
2.61204 1.78594
2.15757 1.51005
3.08249 2.09356
1.87637 1.32375
0.471983 0.422733
2.39358 1.65701
2.063 1.42307
1.97588 1.42016
1.3316 0.983616
2.67035 1.81962
0.964563 0.741829
1.82039 1.28367
1.15819 0.870875
2.26956 1.57392
1.38509 0.998353
1.73595 1.24743
1.12455 0.846971
1.9596 1.39089
1.45649 1.07352
0.4389 0.401777
2.4808 1.70208
1.24996 0.932852
2.09809 1.46069
0.527556 0.475071
2.57278 1.76131
0.73822 0.60609
0.197138 0.277447
1.63868 1.18074
1.41078 1.02774
0.677768 0.563358
2.70006 1.85336
2.11439 1.4525
3.06833 2.0839
1.05666 0.813392
1.9069 1.33845
2.21959 1.52717
2.2359 1.54766
2.43051 1.66852
2.77776 1.90169
0.907987 0.701466
0.671831 0.564106
2.45597 1.68332
0.208248 0.25422
1.85911 1.31578
1.6728 1.20263
0.327002 0.346507
0.103492 0.209375
0.246691 0.305345
3.08587 2.09669
1.94699 1.37852
3.03688 2.06832
2.61397 1.79237
1.60565 1.13001
0.368303 0.382329
1.02832 0.788898
3.04521 2.04369
2.81784 1.92486
1.20891 0.917707
1.80188 1.29183
2.60548 1.8002
0.924266 0.720779
0.180481 0.263979
0.551404 0.484461
2.24376 1.54561
0.451731 0.430116
2.65964 1.82122
2.51508 1.737
0.849112 0.670046
0.338338 0.3572
1.08452 0.820893
2.00029 1.39521
0.797409 0.666632
1.39632 1.03735
0.187959 0.261804
0.746776 0.610379
1.01351 0.783818
2.0767 1.45104
2.09605 1.46342
1.42854 1.03156
1.41798 1.04197
1.67281 1.19498
0.336592 0.338899
0.324139 0.329115
2.60231 1.7816
2.50201 1.74669
2.37065 1.63972
1.53824 1.13174
2.0315 1.42617
1.22009 0.910243
2.40926 1.67592
1.71355 1.21578
1.52564 1.10456
1.92164 1.35065
2.13198 1.49148
0.78153 0.637247
2.61801 1.80471
1.84733 1.31103
1.00192 0.765976
0.803519 0.657473
1.49674 1.07404
1.12169 0.836897
2.72703 1.86627
1.39201 1.03017
2.01462 1.4214
2.45824 1.68217
0.132679 0.220334
2.66521 1.85423
2.73449 1.88749
1.35261 0.991492
1.0669 0.822361
1.75076 1.24507
2.49683 1.73669
2.10367 1.46264
0.338866 0.357768
1.40767 1.02964
1.87079 1.33058
0.310212 0.335889
1.19803 0.882196
1.5607 1.11086
0.368365 0.361855
2.73618 1.84682
2.02027 1.42518
2.24573 1.5522
2.97929 2.02387
1.17549 0.872159
1.51031 1.09761
2.14865 1.4781
1.2017 0.89463
2.36432 1.64001
1.04932 0.781663
2.92329 2.00694
0.907543 0.687559
2.51936 1.73745
1.91821 1.35559
1.4604 1.05551
2.01357 1.42405
0.320434 0.337301
2.86576 1.94658
2.45913 1.69179
2.40194 1.64756
1.06971 0.813822
1.33812 0.979624
1.11966 0.834473
1.67241 1.18844
2.48796 1.70965
2.36018 1.65649
2.399 1.64123
1.09849 0.863175
3.0874 2.08274
2.37943 1.64766
1.02287 0.808722
2.13922 1.48366
0.747684 0.606575
1.89157 1.33523
2.84963 1.9191
0.484493 0.441986
2.44446 1.68656
1.33384 0.989289
0.509826 0.4529
2.27146 1.58631
2.75257 1.88052
0.90806 0.701079
2.1263 1.47011
0.998902 0.779348
2.31625 1.59425
1.22144 0.919322
1.49875 1.05684
1.25464 0.933871
2.13905 1.49808
1.97674 1.37223
0.746864 0.604832
0.842684 0.660596
1.80287 1.26889
2.4257 1.66879
0.784949 0.640682
2.52931 1.73668
1.09223 0.828912
0.26071 0.300759
1.95536 1.37082
1.19776 0.880679
1.25073 0.940614
2.63535 1.79966
3.03275 2.05083
2.16024 1.51865
2.50948 1.72916
2.81608 1.90241
1.98926 1.3977
0.6865 0.542216
1.06614 0.819179
0.419486 0.395953
2.21004 1.53084
0.298528 0.345693
2.81271 1.91399
1.26246 0.940958
0.724018 0.59681
2.15496 1.49931
2.90873 1.97427
0.664907 0.563109
0.732575 0.594443
0.215389 0.268354
2.31273 1.60814
1.51811 1.08343
1.33001 0.995509
0.691731 0.570984
2.04029 1.43755
1.9788 1.39502
2.91492 1.98307
0.556406 0.47628
0.814025 0.667682
1.11036 0.85525
2.91238 1.99022
2.76813 1.88213
2.50416 1.7153
2.45705 1.66692
0.514997 0.476349
3.08618 2.09435
3.09123 2.07582
2.56774 1.76406
0.349641 0.371091
2.91799 1.99248
2.60558 1.77775
2.87515 1.97262
0.440153 0.411888
1.63383 1.17091
0.345543 0.317883
1.17288 0.867585
1.20283 0.868511
2.17001 1.51507
1.3665 1.01255
0.978765 0.76249
0.298207 0.317259
0.86383 0.681044
3.02552 2.07425
0.891948 0.703874
0.757152 0.605187
2.11803 1.49308
1.73178 1.217
1.91864 1.35991
0.142743 0.224492
1.53334 1.10929
0.477944 0.442717
2.21559 1.54675
2.53242 1.73453
2.00379 1.39332
1.34248 0.99375
0.105166 0.197366
2.72939 1.83992
1.27434 0.932904
2.06133 1.44472
0.78683 0.645653
2.23096 1.55628
0.871774 0.708525
0.354669 0.356191
0.806725 0.623524
1.7576 1.24885
2.19082 1.5338
2.04058 1.42372
2.80365 1.90668
0.9367 0.762236
0.630642 0.544828
0.575257 0.515038
2.33143 1.61981
0.134355 0.215155
1.24503 0.911833
1.26642 0.942276
1.62753 1.18407
1.92543 1.34009
2.03399 1.4035
0.219615 0.272383
2.38254 1.62734
1.55569 1.09982
0.483789 0.449162
1.3003 0.9736
0.273988 0.299978
1.71014 1.21705
1.86036 1.32227
0.186025 0.251727
0.233503 0.294588
2.19092 1.52768
3.01075 2.05537
2.3704 1.63053
0.600161 0.511798
2.36912 1.6324
2.82788 1.93864
1.61908 1.14273
0.340522 0.353061
2.13558 1.49295
0.847117 0.672432
1.78632 1.2478
1.22381 0.917853
3.09881 2.07139
1.49232 1.08412
0.798431 0.614837
1.07296 0.803926
3.07215 2.09266
0.457768 0.425696
0.209789 0.277433
1.38091 1.02353
1.7682 1.26926
1.06579 0.8138
2.6956 1.84718
1.10594 0.832296
0.630942 0.550053
2.80551 1.9035
0.251474 0.308002
3.04948 2.05791
0.142204 0.234238
2.33547 1.58926
1.4748 1.07445
0.231334 0.277725
1.94218 1.36489
2.77676 1.87665
2.72656 1.85242
2.1731 1.52862
1.21804 0.899987
3.08525 2.08457
1.04052 0.795223
1.51596 1.11028
2.2904 1.59357
1.78147 1.2978
1.4512 1.05404
2.87156 1.92937
0.213245 0.257005
0.162152 0.243042
2.67011 1.83427
1.30707 0.961627
1.84398 1.30457
2.98858 2.02784
0.536517 0.465298
2.33296 1.59632
2.94073 1.97595
0.85455 0.670316
0.558768 0.499353
2.68152 1.84078
1.70538 1.19884
1.5218 1.08424
2.77602 1.92416
2.75593 1.88527
0.88322 0.699343
2.39595 1.668
1.09566 0.861392
1.60727 1.1529
2.84313 1.948
3.02934 2.06213
2.43751 1.67429
2.92391 1.9839
1.14614 0.854846
0.304469 0.339709
1.66081 1.19267
1.92572 1.36885
0.434454 0.417608
0.475328 0.432197
2.35991 1.64176
1.26883 0.946558
0.196164 0.250893
1.57972 1.13752
2.40557 1.66384
1.03458 0.792395
0.428444 0.408775
1.96344 1.39576
1.18298 0.894895
2.75138 1.87234
2.41784 1.6746
2.06382 1.41843
2.41068 1.66889
0.143954 0.220201
2.81335 1.94111
