2.40738 1.66265
2.20188 1.53127
1.74169 1.23798
2.79161 1.90461
1.38749 1.01535
2.86197 1.94715
2.18056 1.51962
2.1929 1.52405
1.44768 1.05494
0.16998 0.244308
1.69859 1.21262
1.29006 0.951891
2.4886 1.71135
3.05306 2.07091
0.847993 0.6734
1.19533 0.891521
0.360258 0.364689
0.110394 0.205476
2.71203 1.85413
1.23087 0.913682
1.40659 1.02765
2.19831 1.52859
2.95965 2.01152
1.81866 1.28987
0.735746 0.602174
2.60748 1.79058
2.71877 1.858
1.48131 1.07551
0.433913 0.408888
1.87104 1.32154
1.6929 1.20865
0.838209 0.667797
0.281368 0.315512
2.43112 1.67673
0.33785 0.351408
0.566937 0.49681
0.423613 0.404547
1.27581 0.943595
1.53982 1.11229
1.81252 1.28535
1.23566 0.918342
0.919476 0.717074
1.25589 0.931394
1.40217 1.0228
2.31732 1.60282
2.14654 1.49541
2.15585 1.50361
1.30491 0.962878
2.79021 1.90189
2.17954 1.51645
0.85913 0.679803
0.1629 0.238849
1.90464 1.34299
1.27928 0.946304
2.9111 1.97893
1.37021 1.00448
2.10883 1.4733
1.09698 0.832162
1.24922 0.93024
2.25187 1.56489
2.7386 1.87279
2.70193 1.84897
1.56221 1.12821
0.956174 0.741763
0.480047 0.441289
1.64368 1.1769
1.8885 1.33262
0.332942 0.345993
1.96862 1.3847
1.80177 1.27763
0.935647 0.730388
1.61944 1.1604
0.617369 0.525316
0.667312 0.559102
0.519457 0.467035
2.88129 1.96206
0.20252 0.26735
0.247728 0.294503
1.56794 1.12883
1.13629 0.856449
2.40269 1.65784
1.55177 1.11965
0.273933 0.310666
0.379582 0.375959
0.717269 0.590309
3.03674 2.06038
2.42141 1.67105
2.81498 1.9208
2.35724 1.62725
1.80929 1.28451
3.03947 2.06196
1.00157 0.76892
2.14435 1.49398
2.88699 1.96606
0.354847 0.359958
2.19941 1.5306
2.76691 1.88941
0.551465 0.48622
1.73073 1.23265
1.92007 1.35284
0.540803 0.477942
2.15137 1.49623
2.47424 1.70346
0.230566 0.282927
1.50465 1.08976
0.845427 0.670192
1.4489 1.05383
2.19399 1.526
2.42882 1.67478
0.315746 0.336201
2.31327 1.60187
0.179153 0.251203
2.37745 1.64016
1.99792 1.40278
2.65801 1.8216
2.38292 1.64527
2.24873 1.56072
2.9513 2.00607
2.2537 1.56397
1.44535 1.05265
2.14305 1.49387
1.78847 1.27029
2.38283 1.64615
0.971631 0.751578
2.36293 1.63298
0.119831 0.213021
1.57908 1.13554
0.571051 0.497665
1.73573 1.23662
0.807857 0.650765
3.02313 2.05114
0.279914 0.315114
2.19731 1.52794
0.206457 0.268232
0.232017 0.28479
0.742246 0.60614
1.77913 1.26396
1.62011 1.16446
1.96779 1.3844
3.04981 2.06641
2.63431 1.80549
0.630335 0.538706
2.91206 1.98095
0.663984 0.558571
1.55993 1.1251
3.05698 2.07176
0.259403 0.302085
2.12009 1.48141
0.780903 0.634549
2.28149 1.58161
0.198488 0.260054
1.88263 1.32984
1.68928 1.20769
0.885245 0.696433
1.49942 1.08697
2.88763 1.96481
0.646667 0.546225
2.36255 1.63333
2.52684 1.73712
1.16958 0.878089
3.02525 2.05366
1.15604 0.86822
1.78559 1.26814
0.751754 0.612388
0.710547 0.587217
1.72859 1.22979
1.78176 1.26694
0.295054 0.323212
0.822594 0.65696
1.01668 0.780492
2.23341 1.55233
2.8454 1.93949
2.67192 1.82921
2.23861 1.55401
0.33131 0.348435
1.0752 0.817722
2.61887 1.79602
1.42871 1.03885
2.64035 1.80988
0.752596 0.613375
1.20909 0.901037
3.011 2.04118
2.10021 1.46734
2.85992 1.94712
1.41677 1.03172
0.222745 0.277563
0.404058 0.391011
1.5848 1.13775
1.96643 1.38175
0.9717 0.752272
0.739179 0.605561
0.989559 0.76479
0.141768 0.226902
2.71068 1.85525
0.750921 0.612983
2.1166 1.47786
2.64968 1.81707
0.667178 0.559302
3.02984 2.05573
0.666725 0.560218
2.59286 1.77763
1.21462 0.907144
2.96265 2.01371
2.49888 1.72159
1.23742 0.920924
0.620678 0.530714
2.02261 1.4177
3.06673 2.07941
1.71102 1.21993
1.63309 1.16967
1.61427 1.15981
0.844941 0.669328
1.39959 1.02343
2.14484 1.49113
1.13223 0.852376
0.103434 0.20152
1.99275 1.39852
0.328666 0.345646
1.53442 1.10878
1.58794 1.14341
2.47086 1.7014
3.02993 2.05538
2.84341 1.93898
1.52936 1.10449
1.75262 1.24423
1.94604 1.3707
1.39652 1.01886
1.96782 1.3827
0.630341 0.534258
1.99585 1.40364
1.13666 0.855447
2.00704 1.40714
1.35103 0.989891
1.99716 1.40137
2.3267 1.61072
0.301229 0.327491
1.54918 1.11768
1.90196 1.34201
1.4329 1.04553
2.9408 2.00039
2.3653 1.6349
0.930923 0.725427
1.34611 0.990752
1.48525 1.07716
1.43145 1.04309
2.33713 1.61831
1.5167 1.09761
2.50446 1.72216
1.35685 0.99623
0.436757 0.410526
2.72171 1.862
2.10405 1.46734
2.37226 1.63786
0.340015 0.35214
2.22996 1.54899
2.05213 1.43739
0.943242 0.732251
1.34478 0.987528
2.46735 1.69807
0.486776 0.444436
0.743663 0.605372
1.51811 1.09622
1.20449 0.897238
1.35758 0.996282
0.174998 0.247069
2.21227 1.53626
1.98648 1.39467
1.04676 0.800839
2.58942 1.77541
2.67245 1.83013
0.137208 0.220718
2.10382 1.46736
1.69381 1.20767
1.99846 1.40411
1.83102 1.29492
0.360381 0.365672
0.33198 0.348713
0.512715 0.461468
1.14505 0.863047
1.36164 0.998902
2.89395 1.97025
2.89538 1.96911
1.18995 0.889466
2.52071 1.73491
2.21975 1.5423
0.757623 0.614554
2.82902 1.92919
2.03671 1.42788
0.139906 0.227408
1.20882 0.903116
1.3977 1.02308
2.99002 2.03044
2.2024 1.53175
1.68518 1.20295
0.959371 0.746025
1.27277 0.943567
1.99577 1.4017
0.4419 0.415318
2.97235 2.02022
2.01096 1.40861
2.532 1.73925
0.333608 0.347579
2.5426 1.74825
2.75771 1.88528
1.256 0.932447
2.62066 1.79756
1.90949 1.34742
0.598464 0.516227
2.96595 2.01178
2.95407 2.0065
2.43634 1.67893
1.14295 0.860086
1.66896 1.19333
0.158978 0.2374
0.488119 0.448318
2.28875 1.58599
1.50697 1.0912
1.662 1.19015
1.35354 0.993563
1.98909 1.3959
2.6643 1.82508
2.08677 1.45757
2.03808 1.42799
1.493 1.08064
0.424076 0.406376
2.10662 1.4712
1.64588 1.1778
2.99669 2.03533
1.76709 1.25502
0.242608 0.290804
0.32981 0.346373
1.96628 1.3828
2.05653 1.43814
2.12302 1.48163
3.07547 2.08653
1.58416 1.14073
0.220257 0.276863
1.68305 1.20359
2.11297 1.47528
2.42835 1.67415
0.243281 0.289043
3.03511 2.05758
2.96785 2.01521
1.28911 0.95551
0.250561 0.293896
2.35549 1.6271
2.83449 1.93269
1.27554 0.943925
1.1405 0.858432
2.68927 1.8374
1.43832 1.04678
3.0901 2.0935
1.90542 1.34234
2.33424 1.61478
3.01347 2.04565
1.40502 1.02922
2.78635 1.89915
1.62724 1.16958
2.40688 1.66226
0.545949 0.482404
0.685504 0.572368
0.556373 0.487289
1.64404 1.17782
1.33658 0.982864
2.46441 1.69794
2.22857 1.54908
2.02144 1.41755
2.02384 1.41635
2.81987 1.92349
2.042 1.43006
1.83114 1.29693
2.06093 1.44225
2.60942 1.78818
2.09023 1.46115
0.705279 0.582151
0.399487 0.389365
0.164853 0.242549
0.359029 0.365486
1.74639 1.24162
2.18329 1.51718
2.62991 1.8033
0.416266 0.401521
0.210908 0.270379
1.64302 1.17751
0.789558 0.636672
2.10855 1.47039
2.56024 1.75649
1.86473 1.31792
1.10571 0.837351
1.02143 0.78554
2.1074 1.47145
2.24676 1.55921
1.95393 1.37423
0.192707 0.256911
1.88416 1.32949
1.67232 1.1966
1.72839 1.23123
3.00228 2.03801
2.86762 1.95261
0.450416 0.422149
0.995683 0.765997
0.593041 0.51363
2.68788 1.83861
2.23099 1.54861
1.34595 0.987522
2.35745 1.63124
0.259968 0.301244
0.477376 0.43804
0.459018 0.427092
1.82896 1.29332
0.908214 0.711694
0.96023 0.744354
1.78159 1.26567
1.77369 1.2593
1.46915 1.06614
0.933175 0.727595
2.30198 1.59366
2.75626 1.88156
2.19228 1.52373
1.40546 1.02662
0.127441 0.218554
0.548802 0.48392
3.05975 2.07426
0.979294 0.756764
1.21647 0.90505
1.1603 0.870477
0.456437 0.425724
3.07189 2.08232
2.54682 1.7494
0.135322 0.221952
1.38399 1.0145
1.95057 1.37059
1.25307 0.931759
1.6439 1.17934
0.57868 0.5032
0.912097 0.714557
0.822424 0.659055
1.22433 0.911091
1.22641 0.913251
2.01812 1.41491
1.37678 1.00756
0.453992 0.42562
1.62764 1.16622
2.98994 2.02979
1.96001 1.37886
2.24548 1.56156
0.737237 0.605565
1.69656 1.21322
1.38475 1.01282
2.20357 1.53128
0.16198 0.241944
0.282857 0.315978
0.979101 0.755826
0.118905 0.213791
0.292685 0.321831
2.7608 1.88485
1.58287 1.14045
1.62284 1.16398
1.23416 0.919233
0.984478 0.759697
1.3254 0.974962
1.73981 1.23779
1.20387 0.898957
2.99602 2.03608
2.55252 1.75248
1.81465 1.28631
0.589911 0.510304
1.84707 1.30697
2.19034 1.52389
2.22986 1.54721
0.547407 0.48211
0.368727 0.369252
2.7394 1.87327
0.86008 0.683075
0.571908 0.501336
1.06516 0.808568
1.40947 1.03084
1.30162 0.959469
2.26633 1.57294
1.43665 1.04701
3.0626 2.07687
0.815257 0.652952
2.99672 2.03367
0.984851 0.759889
2.93372 1.9946
2.00961 1.40901
2.23407 1.55206
0.952884 0.739054
1.24573 0.924058
1.81407 1.28575
0.548457 0.484584
0.374586 0.374586
0.41319 0.397466
0.861569 0.683271
1.724 1.22849
0.783087 0.632868
1.44001 1.04939
1.8223 1.29341
1.5892 1.14403
2.28712 1.58676
2.93146 1.99399
0.843234 0.669772
1.21965 0.909292
2.30457 1.59407
2.5819 1.77232
2.70646 1.85119
0.710406 0.585781
1.84257 1.30196
2.93648 1.99582
2.56215 1.7584
0.112785 0.208058
2.92047 1.98836
2.04227 1.42882
2.24198 1.55797
2.3215 1.60618
0.920479 0.719401
0.671977 0.562656
1.6701 1.19369
0.207408 0.265621
1.77347 1.2591
2.06352 1.44395
0.49269 0.449914
1.38296 1.01258
1.75472 1.24825
2.05906 1.44116
2.48058 1.70704
1.29246 0.954876
1.7961 1.27556
3.00487 2.0373
0.927626 0.723028
2.00555 1.40711
1.71935 1.2249
2.09786 1.46741
3.07609 2.08298
1.32227 0.973795
0.493554 0.448764
2.90873 1.98004
2.70405 1.84979
2.58587 1.77595
1.42765 1.04303
1.94186 1.36601
0.310491 0.330677
0.67876 0.567961
1.51162 1.09292
2.6949 1.84272
2.91866 1.98609
2.02099 1.41683
1.30223 0.962175
1.31137 0.967363
0.129905 0.219406
1.8871 1.33239
0.991131 0.764824
2.83409 1.93158
0.847947 0.675568
1.86103 1.31516
2.71301 1.85413
2.12639 1.48176
2.8779 1.95973
0.24541 0.291456
2.60289 1.78648
3.04844 2.06565
2.59905 1.78413
0.774488 0.626287
1.35632 0.995332
0.879357 0.694926
0.166512 0.241702
2.02213 1.41637
2.25245 1.56062
2.39388 1.65183
0.307996 0.33164
1.98708 1.3954
1.25314 0.931657
1.21515 0.905588
0.695488 0.575773
0.151656 0.233536
0.582562 0.507542
2.21021 1.53697
1.52894 1.10437
1.82079 1.28827
0.129314 0.219576
1.70609 1.21616
0.157418 0.2365
0.54651 0.482488
1.60868 1.15517
2.49742 1.71923
0.367627 0.370142
1.31582 0.972596
1.05754 0.807422
1.27862 0.947196
0.482362 0.442474
1.52957 1.10669
1.27384 0.94371
2.79456 1.90593
0.152449 0.23591
1.76883 1.25843
2.46532 1.69665
0.382922 0.378907
1.4941 1.08435
0.51929 0.465961
0.166771 0.24235
1.68623 1.20305
2.29907 1.59339
1.29294 0.953819
0.525435 0.468849
0.959572 0.744348
1.17381 0.879778
2.47864 1.70582
2.06598 1.44526
2.62807 1.80153
0.514359 0.462032
2.54275 1.74796
0.701342 0.581158
2.08262 1.45618
2.25492 1.56599
1.23641 0.920445
0.166095 0.24313
2.71742 1.85544
2.41623 1.66747
2.94839 2.00322
0.998735 0.769775
2.97326 2.02069
2.9812 2.02501
2.47651 1.70309
0.735678 0.600373
0.180931 0.251807
1.87538 1.32385
1.94287 1.36854
0.847174 0.671195
2.86319 1.95058
2.5311 1.74219
0.977348 0.755359
2.55346 1.75307
0.237158 0.287667
2.22732 1.54868
0.536322 0.476643
2.66872 1.82567
2.26843 1.57329
1.81383 1.28633
1.86929 1.32098
1.26186 0.936855
1.72829 1.23117
1.43449 1.04512
0.963295 0.748434
1.76014 1.25115
2.97036 2.01629
2.35931 1.63175
2.15803 1.50589
3.058 2.07576
1.22639 0.913812
2.37656 1.64295
3.09296 2.09709
1.18801 0.888621
0.680979 0.567302
1.89772 1.33994
1.8293 1.2971
0.267077 0.305958
3.02367 2.05002
0.650751 0.547801
1.7449 1.24116
1.49417 1.08106
1.2313 0.917454
2.59279 1.77709
0.681307 0.568787
1.66013 1.18936
2.49586 1.71508
1.11526 0.844116
0.837769 0.666897
2.47444 1.70226
2.82256 1.92499
0.449584 0.419308
1.28586 0.951038
0.202831 0.263555
1.54715 1.11751
0.986057 0.763353
0.571905 0.497659
0.922978 0.722341
1.73325 1.2339
1.52361 1.1015
2.28354 1.58371
2.40735 1.66061
1.12797 0.851112
2.01802 1.41346
1.14791 0.862393
1.31343 0.969736
2.44634 1.68757
1.98351 1.39447
1.27148 0.942416
2.33198 1.61265
0.604563 0.518709
0.748278 0.61146
0.658044 0.55243
2.04348 1.43057
0.698467 0.578991
1.45089 1.05412
2.83366 1.93352
2.21966 1.54127
2.52322 1.7371
1.21107 0.904276
2.89547 1.97216
2.20773 1.53446
2.53863 1.74645
1.09843 0.832294
0.474045 0.439107
1.47496 1.07225
0.156733 0.237021
2.44844 1.68805
2.29843 1.59284
1.8954 1.33659
1.71849 1.22705
2.87389 1.95623
2.28109 1.58106
1.71932 1.2255
2.0352 1.4247
0.612081 0.524875
2.07873 1.45252
0.587253 0.510332
2.97225 2.01912
0.45526 0.426237
1.1499 0.865601
1.36807 1.00579
2.8188 1.92093
1.55262 1.11933
2.97157 2.01747
0.877737 0.693763
2.75494 1.88496
0.801327 0.643972
0.713122 0.588131
1.16122 0.873237
1.63827 1.17352
3.02028 2.04856
1.54765 1.11601
3.01619 2.0475
0.554778 0.489789
0.137055 0.2234
2.27524 1.5771
2.2012 1.53118
1.02143 0.783966
0.359495 0.363964
1.03645 0.793814
2.82473 1.92514
3.04133 2.06239
0.727958 0.598892
0.454482 0.424879
2.00751 1.40887
2.71507 1.85688
2.08426 1.45539
1.73321 1.23491
1.87345 1.32326
0.658209 0.553544
2.0193 1.41622
2.7216 1.86045
0.653552 0.548986
0.269802 0.308245
0.652369 0.550115
2.46957 1.70137
0.615792 0.526241
1.66394 1.19086
2.39895 1.65577
1.79266 1.27118
2.08525 1.45719
0.905336 0.708421
2.1341 1.4905
1.31006 0.966268
2.65037 1.81246
3.0684 2.08006
2.43982 1.67985
2.41555 1.66779
2.49442 1.7172
2.64825 1.81204
2.97456 2.02077
1.38812 1.01678
1.31503 0.967604
0.645443 0.54561
2.6698 1.82846
3.08671 2.09446
1.23312 0.917038
2.06265 1.44281
1.61782 1.16294
2.33254 1.61671
3.09252 2.09449
0.344006 0.355976
0.395026 0.386045
0.332855 0.347107
1.69262 1.20949
0.972128 0.752831
2.03731 1.42882
2.2327 1.54997
1.39456 1.01848
0.615115 0.526671
3.08564 2.09209
2.68203 1.83495
0.439859 0.414546
1.88486 1.33104
2.81185 1.91782
0.157668 0.235927
1.20974 0.900975
0.998777 0.77056
0.9508 0.737343
2.60414 1.78506
2.70994 1.85246
2.71521 1.85732
2.47597 1.70481
2.82305 1.92651
1.32934 0.977316
1.87979 1.32802
0.350394 0.358619
1.30106 0.961898
0.369747 0.371366
2.47141 1.7019
1.01648 0.780062
0.691284 0.574665
2.35465 1.62925
0.331903 0.346918
2.80507 1.91402
0.837215 0.668767
0.222979 0.277115
1.15067 0.865204
2.47648 1.70643
0.524234 0.466194
0.247115 0.294127
2.87087 1.95469
1.53073 1.10563
2.38567 1.6475
3.03895 2.06243
0.473809 0.437493
2.73381 1.86626
1.8799 1.32827
2.33138 1.61397
1.68 1.20045
1.47388 1.06973
1.85582 1.30939
0.814909 0.653182
2.83944 1.93641
0.850158 0.676782
1.62492 1.16526
1.50108 1.08645
2.06395 1.44459
1.43278 1.04365
1.47536 1.07053
0.320278 0.340501
2.53121 1.74027
2.90423 1.9776
2.50924 1.72498
1.45112 1.05571
2.71044 1.85249
1.61382 1.16013
1.709 1.21743
1.11125 0.840938
2.3092 1.59814
0.524411 0.469134
2.88307 1.96546
1.76981 1.25596
2.36673 1.63616
0.327126 0.340577
1.06945 0.812561
0.669099 0.561339
3.01131 2.04293
0.58756 0.509351
2.68249 1.83572
0.501532 0.454088
2.62215 1.7983
1.59036 1.14679
1.37999 1.01039
0.341434 0.352455
0.808665 0.649069
2.50156 1.72361
0.808222 0.648825
1.87783 1.326
2.87789 1.95994
1.95501 1.37565
0.344617 0.355181
1.30927 0.964937
0.560499 0.491034
2.54203 1.74745
2.48693 1.7105
0.579919 0.505827
1.03205 0.789091
0.710165 0.587079
1.73791 1.23805
2.72739 1.86508
0.19469 0.259899
2.14295 1.49363
0.17247 0.244733
0.442372 0.417796
1.82877 1.29426
0.826121 0.659845
1.00721 0.774272
2.3919 1.65316
1.5311 1.10347
2.18173 1.5183
0.499531 0.452346
0.45684 0.426242
1.57582 1.13471
0.312987 0.334756
1.3189 0.973597
1.36421 0.999205
2.4824 1.7095
0.271596 0.306519
0.487583 0.444512
2.77729 1.89668
0.260461 0.302241
2.83876 1.93464
2.56539 1.76253
0.894134 0.703063
0.895197 0.701948
2.73543 1.87066
1.33456 0.981077
2.14712 1.49607
2.36646 1.63399
0.482284 0.439809
0.387123 0.382705
0.380949 0.379686
3.09534 2.09853
0.446045 0.41948
2.34472 1.62204
1.9429 1.36763
0.167972 0.242363
1.74291 1.2405
1.57279 1.13385
2.60317 1.78513
3.08075 2.08806
2.47294 1.70188
0.521227 0.464603
2.99061 2.03285
0.229312 0.28319
2.40338 1.6582
1.58804 1.14274
2.69078 1.84303
1.43847 1.04588
1.38273 1.01258
1.96631 1.38175
0.18781 0.254915
3.09077 2.09471
1.59547 1.14862
2.4071 1.66133
2.9664 2.01577
1.76885 1.25793
0.392489 0.385474
0.422784 0.405151
1.4871 1.07705
1.03434 0.790902
0.595252 0.514371
0.38096 0.377728
2.41371 1.66568
2.66861 1.82891
1.97966 1.39231
1.22673 0.913838
1.3958 1.02025
1.60578 1.15618
1.10022 0.834118
0.15503 0.2361
2.20344 1.53157
2.31213 1.60349
2.56223 1.75834
1.31558 0.970133
1.83645 1.2994
1.20617 0.89996
2.36624 1.63735
1.01802 0.782277
0.495397 0.449635
2.68935 1.8403
2.67606 1.83282
2.32798 1.6111
0.965241 0.748322
1.2583 0.934287
0.7766 0.628148
1.41109 1.03066
3.0473 2.06782
0.843957 0.66934
2.87368 1.9554
0.171342 0.243684
0.70671 0.58399
1.23708 0.920563
2.49327 1.71607
2.2108 1.53683
0.724348 0.593703
1.29997 0.96154
2.8332 1.93084
0.397522 0.38646
0.249346 0.294855
1.17691 0.883522
2.7766 1.89465
0.61276 0.525991
0.8391 0.666445
0.650977 0.550888
1.65952 1.18815
0.44571 0.418705
0.20271 0.265347
1.45214 1.05762
0.142656 0.226638
2.35929 1.63073
0.356953 0.365606
2.93234 1.99404
2.00824 1.40906
0.943064 0.733551
1.24926 0.927573
0.934681 0.729984
0.760349 0.616589
1.19222 0.894238
2.31794 1.60453
2.65053 1.81593
1.9886 1.39784
1.60054 1.14708
1.38069 1.01252
0.840758 0.668274
2.25971 1.56798
1.24245 0.922061
1.42983 1.04287
0.273377 0.308458
1.55852 1.12398
2.77978 1.89458
0.814693 0.653074
1.83692 1.29997
1.7587 1.24991
0.735013 0.601702
1.20127 0.895396
3.0401 2.06479
1.61204 1.15618
2.01267 1.412
0.108754 0.20477
1.78369 1.26763
0.534353 0.477227
0.304043 0.327186
3.02957 2.05612
0.10235 0.200138
0.384681 0.379496
1.30851 0.966122
1.28032 0.94652
1.93803 1.36708
1.06276 0.81109
2.48865 1.71457
0.31506 0.334953
1.05974 0.808101
1.69273 1.20949
0.593949 0.513126
0.44929 0.422164
0.280958 0.314318
2.24463 1.5576
3.07706 2.08659
1.6817 1.19971
0.746126 0.606591
0.745388 0.610202
2.63445 1.80378
1.71676 1.22407
0.971085 0.753667
0.672354 0.562282
1.06172 0.807324
2.8976 1.97109
2.89237 1.96698
0.221343 0.276574
1.29028 0.954236
2.10725 1.47256
1.68479 1.20463
1.7467 1.24311
0.390559 0.384095
2.68278 1.83394
1.22715 0.912944
2.24052 1.55436
2.62233 1.79626
1.74649 1.24275
2.42655 1.67393
1.59548 1.14846
0.269803 0.309295
0.580136 0.506052
1.16042 0.873785
2.74805 1.87624
2.65621 1.82098
0.739236 0.603979
1.26743 0.940463
2.60492 1.7852
0.839054 0.665748
0.603553 0.519597
1.52051 1.09989
1.67019 1.19489
2.83395 1.93142
2.21966 1.54359
2.98083 2.02363
1.47775 1.07383
0.872103 0.691651
1.30215 0.96325
2.95894 2.00875
0.174915 0.245747
0.242364 0.288854
0.192682 0.259414
1.06835 0.812489
0.445321 0.418146
1.77286 1.26038
0.357726 0.361974
0.21969 0.275296
1.15248 0.867658
1.81511 1.28634
1.26035 0.935828
1.82837 1.29474
0.126247 0.214898
2.08028 1.45524
3.02965 2.05507
0.9271 0.723677
0.934306 0.726882
1.03187 0.789921
2.54736 1.74827
0.680901 0.567435
2.94287 2.00069
1.93039 1.35948
1.86123 1.31356
1.75579 1.24811
2.17649 1.51578
1.96561 1.38207
0.889456 0.701137
1.48267 1.07464
1.27439 0.944122
0.378832 0.377792
0.416512 0.400417
1.66917 1.19195
0.32038 0.338094
2.87188 1.95704
1.69507 1.20987
3.06687 2.07882
1.16462 0.875535
0.765576 0.621595
2.61333 1.7908
1.57504 1.13413
0.532163 0.472966
2.28139 1.58061
1.25976 0.934345
2.21974 1.54311
0.385766 0.37911
1.92753 1.35614
1.51178 1.09384
1.97107 1.38627
1.24238 0.923112
1.96968 1.38379
1.69878 1.21301
1.37487 1.00708
0.825585 0.658703
1.35134 0.990695
1.4388 1.04784
2.62292 1.79795
3.07735 2.0856
1.58544 1.14026
1.9992 1.40437
2.55682 1.75668
2.06405 1.44292
0.786958 0.634819
2.22987 1.54701
2.29092 1.58693
0.733626 0.600421
0.444331 0.419304
2.27392 1.57511
1.87443 1.3234
0.639745 0.54187
0.209205 0.26872
0.654061 0.551848
2.56377 1.76064
1.95235 1.37505
0.553848 0.485226
0.697855 0.580143
0.840292 0.671294
2.54426 1.75028
0.472585 0.435685
1.62083 1.16613
0.472135 0.433574
1.61601 1.15912
2.54531 1.74783
2.11917 1.47813
2.15475 1.50333
3.08696 2.09198
1.1504 0.867284
1.43968 1.04828
0.87262 0.690157
1.67063 1.19338
0.519984 0.466234
1.89519 1.33607
0.968273 0.752615
2.40981 1.66344
1.04217 0.798982
2.83343 1.93049
0.154983 0.23478
0.361338 0.365114
2.60013 1.78242
1.30873 0.965882
0.68292 0.569838
2.0367 1.42742
1.16049 0.871379
2.15628 1.50335
2.78586 1.90112
0.903351 0.709905
0.690566 0.574952
3.04991 2.06807
0.276948 0.312032
0.444766 0.420312
2.37766 1.64255
1.84808 1.30839
1.02368 0.783495
2.63346 1.80254
1.51191 1.09355
3.02078 2.05107
0.745681 0.608158
1.46682 1.06365
2.63472 1.80432
1.88435 1.33064
0.239517 0.288092
2.55024 1.75384
2.48152 1.70893
2.43836 1.68148
1.98461 1.39418
2.99828 2.0359
1.1177 0.84598
2.60067 1.78382
2.15928 1.50412
2.98621 2.02691
2.80878 1.91605
0.612146 0.524794
2.99632 2.03416
2.4897 1.71562
0.26578 0.304913
0.210866 0.270872
0.29589 0.323494
2.25309 1.56469
0.520301 0.465201
2.75385 1.87917
3.00452 2.03952
1.72281 1.22895
1.66244 1.18888
0.727906 0.597879
0.748659 0.611165
2.7791 1.89597
2.39447 1.65375
1.83372 1.29962
1.34681 0.989971
0.167143 0.243513
1.60697 1.15343
1.19102 0.891381
1.77018 1.25867
0.427168 0.408473
2.28433 1.58255
2.57535 1.76656
2.56169 1.75821
1.25078 0.929798
3.02835 2.0547
2.97792 2.02235
1.09934 0.834248
3.09065 2.09392
0.738235 0.606156
2.05149 1.4365
1.56541 1.12886
0.672753 0.563477
0.634235 0.53809
1.14852 0.864705
2.84061 1.93466
2.93822 1.99882
2.83695 1.93375
0.402442 0.391104
0.491793 0.449087
1.06633 0.812944
0.41669 0.398775
2.95203 2.00414
2.27084 1.57677
0.431772 0.409773
0.538503 0.477889
0.44139 0.41548
0.732567 0.599242
0.215472 0.272787
2.75877 1.88463
0.987793 0.761814
1.27229 0.941874
1.62714 1.16762
1.09487 0.831253
2.63578 1.80797
2.01413 1.41499
1.4905 1.07964
3.05125 2.06962
0.541797 0.481282
1.88032 1.32828
2.41404 1.6666
1.72641 1.22999
1.82665 1.29356
2.82266 1.92541
2.92671 1.98988
1.50479 1.08854
0.579331 0.504544
0.732157 0.599902
2.16214 1.50757
2.4135 1.66571
0.614332 0.525476
2.12574 1.48273
2.06915 1.44614
2.16566 1.50833
1.76486 1.25627
1.87369 1.3223
2.37183 1.6382
1.98592 1.39314
1.67325 1.19843
1.75047 1.24357
1.80306 1.27878
2.3494 1.62468
0.641489 0.543585
2.40291 1.65649
2.54032 1.74652
2.90992 1.98019
1.48924 1.07952
0.871705 0.689308
1.09926 0.831644
1.28689 0.949671
3.01955 2.04975
1.70875 1.2171
1.89394 1.33711
2.84508 1.9395
2.38257 1.64574
2.83149 1.9279
2.86882 1.95345
1.03063 0.789684
1.68449 1.20539
1.17588 0.881675
1.55314 1.11912
2.57329 1.76497
1.145 0.862445
2.88025 1.95905
0.206587 0.269085
1.95459 1.37461
0.425644 0.404239
2.01263 1.41074
0.827662 0.660091
0.303369 0.327604
2.47161 1.70213
1.45432 1.05903
1.78177 1.26582
1.62977 1.16788
0.746556 0.608149
1.37009 1.00341
2.19653 1.5274
2.09608 1.46387
1.6305 1.17064
0.991013 0.765329
1.2179 0.908041
0.512662 0.461247
1.28847 0.949906
2.69953 1.84493
3.05607 2.07276
2.2574 1.56613
0.364148 0.368769
0.444344 0.416607
2.06326 1.4424
2.27737 1.57933
3.03624 2.05995
0.537775 0.478427
0.195557 0.261243
0.358818 0.362488
1.77244 1.25947
1.58688 1.14151
2.85963 1.94809
2.78666 1.90174
0.746082 0.60913
0.575549 0.499859
0.741945 0.607705
1.01792 0.780163
3.05627 2.06948
2.87152 1.95482
2.97434 2.02046
1.90545 1.34231
1.5621 1.12627
2.37528 1.64138
2.34755 1.62113
1.67738 1.19916
2.73033 1.86596
1.18286 0.884358
0.632036 0.535515
0.958507 0.743419
3.0403 2.06192
1.5607 1.12752
3.07899 2.08535
1.332 0.981161
0.882194 0.695861
1.01493 0.779221
2.97144 2.01994
2.33689 1.61637
1.30621 0.964719
1.52816 1.1049
1.02674 0.785697
0.292821 0.323477
2.85829 1.94767
0.785045 0.634556
2.86626 1.95313
0.590026 0.511158
1.11425 0.845282
1.40154 1.02515
0.606964 0.521852
1.89434 1.33694
1.46163 1.06334
0.102965 0.200466
2.03659 1.42601
2.62533 1.79976
0.327446 0.345016
2.44492 1.68633
0.72585 0.598436
1.36008 0.997541
1.8795 1.32603
1.21733 0.908299
0.234503 0.282425
1.97728 1.39073
1.16869 0.87531
1.26557 0.937994
2.81794 1.92152
1.2739 0.945789
1.62477 1.16454
0.136247 0.22191
2.84649 1.93817
2.76905 1.8888
2.80326 1.91318
0.82629 0.658673
2.58754 1.77569
0.731427 0.600576
0.118256 0.210776
1.37796 1.01003
2.24892 1.56189
0.574575 0.499098
1.05891 0.806624
3.01718 2.04748
0.321519 0.3396
2.06147 1.44388
2.79149 1.90288
2.71688 1.85637
2.09404 1.46051
1.42995 1.04447
1.58708 1.14312
0.978433 0.755417
1.58405 1.13884
1.69178 1.208
1.63546 1.17234
0.223965 0.280229
2.76705 1.88891
1.49797 1.08615
2.41577 1.66497
1.58872 1.14181
2.1544 1.50195
2.08425 1.45722
2.46437 1.69813
1.20589 0.9004
1.08472 0.825072
1.80852 1.28313
1.66373 1.19097
0.589728 0.509188
2.50549 1.72243
0.643836 0.545
1.89419 1.33752
1.20313 0.899109
2.11439 1.47578
1.93746 1.36315
3.00443 2.03727
1.36285 1.00035
1.51569 1.0961
2.38009 1.64445
1.79352 1.2717
2.6199 1.79583
0.52817 0.470789
1.01969 0.78335
1.10149 0.832377
0.442294 0.416649
1.35886 0.997641
1.64518 1.17998
2.71288 1.85587
2.21172 1.53798
1.12302 0.849632
0.280653 0.31522
2.78919 1.90318
2.81975 1.92135
0.792512 0.636847
1.12822 0.850909
2.15816 1.5032
1.35097 0.993105
0.399235 0.3888
2.03102 1.42052
1.1101 0.840074
1.91341 1.34669
2.25524 1.56593
1.85694 1.31427
0.316141 0.337628
3.02493 2.05333
1.93248 1.36309
1.93746 1.36601
2.20202 1.53068
1.77568 1.2599
0.280469 0.314581
2.74484 1.87422
1.78633 1.26863
0.6526 0.549523
0.311515 0.332294
0.111818 0.205109
1.36473 1.0002
1.64387 1.17797
0.813478 0.649132
0.974799 0.754362
0.857862 0.680044
1.34846 0.989873
1.52357 1.10321
0.855313 0.676888
2.81057 1.91684
1.98832 1.3966
1.89198 1.33569
1.28617 0.950703
2.59328 1.77837
1.24887 0.927196
0.65088 0.548425
2.57287 1.76743
2.83447 1.93146
2.38704 1.64772
0.286452 0.317186
2.44618 1.68459
1.68621 1.20449
0.896045 0.704721
0.238142 0.286342
1.12234 0.845728
2.80671 1.91819
2.11525 1.47637
1.75372 1.24734
0.37236 0.371571
0.729227 0.598879
1.38037 1.01181
0.614994 0.526823
2.84866 1.93947
2.6141 1.78964
2.32763 1.61238
0.563854 0.494274
0.556094 0.488436
2.04321 1.43254
0.605341 0.518384
0.740444 0.603979
2.15035 1.49779
2.70933 1.85254
1.28184 0.94935
2.89486 1.97216
0.817225 0.653868
1.8021 1.27723
2.49836 1.71712
2.31688 1.60494
2.04605 1.43347
0.198669 0.263168
2.52835 1.73848
1.30381 0.961558
2.59667 1.78167
2.23375 1.54984
2.85684 1.94803
2.66996 1.82886
1.3712 1.00594
1.0539 0.802763
0.149877 0.230408
2.532 1.73992
1.55323 1.11927
1.61363 1.15787
0.186893 0.254346
0.823771 0.656469
0.577705 0.502815
2.77331 1.89242
1.32734 0.97687
3.01571 2.04735
2.44732 1.68665
2.79642 1.90435
2.23499 1.55256
2.76679 1.8892
2.04403 1.43076
0.287542 0.319115
2.72926 1.86671
0.921557 0.719775
0.885315 0.697137
0.42413 0.406827
0.140604 0.225444
1.95202 1.37179
2.00649 1.40727
0.240804 0.289103
2.75204 1.87942
1.29215 0.953779
0.681054 0.567122
1.05716 0.807599
1.61519 1.15934
0.229505 0.280015
1.12125 0.845905
0.691845 0.57205
0.510196 0.458829
1.84682 1.30541
1.14479 0.86115
2.56074 1.75914
0.867137 0.687172
0.601638 0.517645
2.39387 1.65003
0.363936 0.367643
2.27618 1.57749
1.82771 1.29254
0.278108 0.312579
0.257225 0.300057
2.07199 1.44866
1.24742 0.926699
2.23798 1.55392
2.1255 1.48243
2.14299 1.49439
2.17695 1.5155
1.26813 0.939931
0.418316 0.402886
1.90801 1.34439
0.334197 0.347615
3.0898 2.0918
0.857339 0.680864
2.04616 1.43231
0.385476 0.380222
2.68229 1.83701
0.643322 0.545363
3.08743 2.0917
1.61246 1.15917
1.85177 1.3102
1.66987 1.1944
1.22897 0.915311
2.63805 1.80972
2.96275 2.0142
1.09365 0.828713
0.242576 0.288641
2.40076 1.65789
1.77811 1.26342
1.32249 0.975075
1.52382 1.10229
0.827106 0.661518
2.23729 1.55179
2.18072 1.51855
2.30288 1.59562
2.35121 1.62563
1.25957 0.934649
1.5908 1.14146
1.37408 1.00592
2.73145 1.86761
2.21477 1.54063
0.632719 0.537687
0.165997 0.241233
1.29275 0.956387
3.02429 2.05214
0.953913 0.738346
0.281115 0.315398
2.83542 1.9315
2.08704 1.46014
2.38904 1.65078
0.274153 0.311362
0.501401 0.45496
2.51544 1.72973
2.42145 1.66891
3.06037 2.07351
0.66492 0.557619
2.93643 1.99672
2.497 1.71531
0.233383 0.284745
2.86342 1.94928
0.987093 0.764295
0.833515 0.666153
1.79399 1.27432
1.25523 0.933392
1.10756 0.837218
1.95997 1.37666
2.70068 1.84631
0.331677 0.346667
2.99925 2.03877
2.36499 1.63297
2.47076 1.69926
1.20164 0.897954
2.09142 1.46147
2.59057 1.77822
1.69288 1.21058
1.94965 1.37029
0.931145 0.725851
2.29692 1.59068
1.93957 1.36414
3.09908 2.10049
0.100701 0.201991
2.23832 1.55442
1.59649 1.1449
2.22988 1.54732
2.51571 1.7288
0.922286 0.722923
0.217334 0.274384
1.7253 1.22904
0.392317 0.385319
2.25579 1.56636
0.818975 0.655612
2.15361 1.49975
1.84415 1.30617
1.11778 0.845698
1.76754 1.25906
1.1148 0.84501
1.81006 1.28219
1.7888 1.27034
2.5899 1.77761
0.649451 0.546629
1.72934 1.23078
1.42479 1.03842
2.17721 1.51544
1.44418 1.05199
2.03373 1.42435
2.63069 1.80188
1.84199 1.30485
0.249637 0.292966
0.278501 0.312199
0.385277 0.381287
0.192407 0.257547
2.27341 1.57827
2.63481 1.80424
0.231662 0.283623
2.99101 2.03029
0.53396 0.473247
0.161075 0.238132
3.05742 2.07212
1.35454 0.993633
0.859471 0.681168
1.55782 1.12252
0.853669 0.677426
2.79989 1.90966
1.71202 1.21953
2.18483 1.51984
2.31988 1.60588
2.62106 1.79699
2.92355 1.98751
3.07871 2.08726
0.686918 0.570562
2.19306 1.52642
0.233106 0.285958
3.09995 2.09743
1.84149 1.30331
3.01088 2.04247
2.73039 1.86623
0.39289 0.385361
1.98176 1.39265
2.77526 1.89467
0.399724 0.389834
1.24769 0.92756
2.92808 1.99452
0.547153 0.482143
0.128647 0.217597
1.28958 0.951749
0.905632 0.71107
2.99475 2.03273
1.98536 1.39342
0.745404 0.608492
2.46192 1.69511
1.36999 1.00373
2.63718 1.80846
1.01607 0.778536
3.04109 2.06247
2.30489 1.59646
1.05247 0.80438
1.93359 1.36319
1.59905 1.1506
2.15787 1.5027
2.658 1.8197
1.71352 1.2218
2.00969 1.40959
2.2974 1.59201
1.01692 0.781845
0.116612 0.210561
1.33274 0.980232
2.82049 1.92296
2.93612 1.99573
1.7213 1.22492
1.01953 0.780606
2.12204 1.48216
0.951109 0.737546
1.47791 1.07322
1.65372 1.18444
0.475234 0.437677
0.39182 0.383948
2.79284 1.90474
0.605045 0.520188
1.52533 1.10297
2.92753 1.9915
0.379561 0.376348
1.4982 1.08413
2.83576 1.93249
0.475016 0.439036
0.798497 0.641341
2.88095 1.9613
1.98632 1.39214
2.17941 1.51609
0.231773 0.283407
0.903023 0.707025
0.157073 0.236232
2.86999 1.95416
2.53867 1.74458
0.165771 0.243391
1.15418 0.869245
0.523485 0.46638
2.01212 1.41391
1.93935 1.3619
1.2638 0.935899
0.114115 0.209732
1.71373 1.22401
0.431574 0.412066
1.3047 0.96481
2.45745 1.69318
2.32317 1.60772
1.89231 1.33417
1.34557 0.990204
3.0343 2.06211
0.521711 0.468003
2.18492 1.51892
0.230018 0.28316
2.82605 1.92713
1.73203 1.23285
0.650834 0.54758
1.14274 0.859104
2.9452 2.00266
0.421378 0.403963
2.55283 1.75318
0.201355 0.263417
2.78223 1.90002
2.784 1.8994
2.60862 1.78815
1.65521 1.18429
0.723324 0.5956
2.20431 1.5331
0.525502 0.469326
2.37335 1.63958
2.96506 2.0138
1.86208 1.31772
0.470806 0.435353
1.71066 1.22133
2.77071 1.89204
3.05367 2.07233
1.5963 1.14754
2.77601 1.89618
0.859103 0.680975
0.956891 0.740481
0.969897 0.750638
2.30384 1.59542
1.44808 1.05384
1.01518 0.780779
0.830904 0.662077
3.06655 2.07911
1.14439 0.862294
2.3092 1.60111
2.34167 1.61919
2.00602 1.40623
0.68379 0.570357
0.154916 0.234874
0.155463 0.235815
2.77018 1.89089
2.02437 1.41965
2.08909 1.45783
0.686511 0.570821
2.49252 1.71516
1.30917 0.9638
1.38214 1.01141
1.92868 1.36072
2.32464 1.60718
1.8835 1.33019
0.638609 0.542693
0.731421 0.597748
2.48672 1.70984
2.79989 1.90988
2.20451 1.53387
1.22215 0.908935
1.73288 1.23535
2.7316 1.86691
2.64358 1.81164
2.50347 1.72165
2.09006 1.46001
1.74019 1.23894
1.60018 1.14989
2.33865 1.61841
1.38248 1.01162
1.99322 1.40005
1.73834 1.23672
0.71792 0.588929
1.69221 1.20923
1.62775 1.16705
2.69611 1.84471
2.14429 1.49471
2.3552 1.62888
1.83988 1.2998
2.41101 1.66244
1.38193 1.01252
1.47255 1.06749
0.238367 0.286076
1.39163 1.01971
0.958018 0.742778
2.60774 1.7887
1.0583 0.806792
2.86251 1.95233
1.05138 0.80046
2.4426 1.68401
2.91425 1.9818
2.1307 1.48647
1.05812 0.805538
1.11991 0.846521
1.24033 0.921592
0.382181 0.37989
1.93215 1.36162
1.17423 0.879147
2.17077 1.51258
2.90094 1.97618
0.476674 0.436948
2.60463 1.78735
1.26127 0.936471
0.109178 0.207274
3.05817 2.07375
1.16928 0.876669
2.63769 1.80785
2.71526 1.85672
2.99388 2.03284
1.5885 1.14439
0.83794 0.66782
2.81415 1.91938
1.46753 1.06635
1.86841 1.31971
2.26399 1.57087
1.7199 1.22758
1.99187 1.39856
1.84932 1.30624
0.744181 0.608427
0.736933 0.604379
1.86103 1.31338
1.34245 0.985002
2.42224 1.67085
0.616566 0.527739
1.45721 1.05996
0.525371 0.470893
1.92719 1.35661
1.53176 1.10685
2.28061 1.57943
1.04314 0.796508
2.1165 1.47722
0.387222 0.381071
1.10441 0.836527
2.97044 2.01711
3.03272 2.05838
1.33906 0.985096
1.27457 0.944547
2.7638 1.88802
0.335391 0.347105
1.25141 0.929955
0.760541 0.617519
2.15469 1.50132
1.33593 0.981941
0.830745 0.662178
0.568025 0.49691
1.60999 1.15558
2.77667 1.89576
2.79076 1.90334
1.04233 0.800481
2.46186 1.696
1.20444 0.897573
1.18605 0.888404
2.4614 1.69663
1.94126 1.36675
0.233041 0.284159
1.13384 0.856179
2.86584 1.95088
0.174492 0.247406
0.874923 0.690547
2.63283 1.80324
2.6485 1.81442
1.89851 1.33914
2.20529 1.53473
0.951181 0.738371
0.937026 0.729766
0.396259 0.386374
3.0471 2.06716
2.15133 1.49998
1.83374 1.30044
1.37104 1.00566
0.949292 0.740342
2.96287 2.0117
0.651864 0.54865
0.822414 0.656977
1.07478 0.819817
1.45206 1.05767
3.03288 2.05877
1.76769 1.2563
1.69769 1.21066
1.23877 0.921617
1.25042 0.928868
1.16649 0.875895
1.97677 1.39102
1.08483 0.824315
2.3566 1.62885
2.58409 1.77202
1.63271 1.17089
2.61789 1.79447
0.991557 0.764612
2.07154 1.44819
2.22429 1.54467
1.55051 1.12029
2.93876 1.99716
1.83219 1.29873
1.58423 1.14029
1.84926 1.30775
0.714149 0.588806
0.474621 0.436109
1.34795 0.990194
1.05589 0.806932
0.898882 0.707499
2.37351 1.64031
2.15153 1.50043
1.07532 0.817975
0.24588 0.293887
1.16732 0.8755
3.0934 2.09827
1.32237 0.973626
0.222783 0.279184
2.69974 1.845
2.84217 1.93464
0.353381 0.358966
1.21071 0.905574
1.48196 1.07626
1.57151 1.13405
1.71427 1.22147
1.42156 1.03754
0.753611 0.61339
0.426955 0.405994
2.70461 1.85256
0.406961 0.393445
1.90267 1.34328
0.199697 0.263119
0.29426 0.320997
2.13172 1.48708
0.754999 0.612931
0.333242 0.346079
2.25687 1.5642
2.82779 1.92596
2.16353 1.50767
2.415 1.66633
2.06104 1.44106
1.53225 1.10471
2.43552 1.67942
1.59221 1.1456
2.9633 2.01299
2.7773 1.89688
1.94124 1.36526
2.08129 1.4557
1.71586 1.22115
2.5787 1.76846
0.847136 0.672071
0.660896 0.557027
3.03629 2.05878
0.339417 0.349644
0.435284 0.411016
1.8746 1.32503
1.06282 0.809305
0.149682 0.230496
2.86396 1.9515
0.109766 0.204797
1.9717 1.38218
2.95229 2.00494
0.681666 0.56879
1.4645 1.06407
1.23948 0.922978
3.00964 2.04274
1.26759 0.93765
0.337404 0.351849
1.20773 0.90355
1.54442 1.11485
0.274086 0.310264
1.30292 0.963967
2.97806 2.0227
1.44008 1.04748
2.42668 1.6733
1.72045 1.22721
2.90922 1.97767
2.3288 1.61161
2.93564 1.99478
1.4158 1.03313
1.34774 0.990953
0.749342 0.611262
1.08022 0.819429
3.09303 2.09478
1.82943 1.29302
1.69474 1.20961
3.07916 2.08735
2.50112 1.72111
2.8796 1.96032
2.07437 1.45082
2.24352 1.55775
2.93278 1.99444
1.69163 1.20551
2.19528 1.52757
0.518758 0.465497
0.576987 0.504007
0.912419 0.714669
2.32699 1.61131
1.22476 0.912058
1.6507 1.18051
2.99859 2.03624
2.44122 1.68366
1.74145 1.24134
2.01583 1.41241
1.71376 1.22052
3.01539 2.04699
2.99163 2.03272
2.67849 1.8325
0.625086 0.532743
2.32639 1.61119
2.99676 2.03299
1.94497 1.37064
0.170032 0.245211
0.702074 0.579765
0.680573 0.566941
1.33923 0.985034
0.955774 0.741751
1.70994 1.22069
1.65948 1.1883
3.07164 2.08052
0.547322 0.482339
2.91537 1.98311
1.20342 0.898557
2.64639 1.812
2.75105 1.87906
0.321358 0.338733
1.31299 0.968223
0.727923 0.595648
2.76969 1.89104
1.28902 0.952968
1.16524 0.8746
0.637229 0.541343
1.56628 1.12914
1.8752 1.3264
2.65302 1.81733
0.101144 0.200623
0.452523 0.425858
1.73018 1.2341
3.09525 2.0959
3.071 2.08147
0.984657 0.762129
0.723001 0.594109
1.77915 1.26305
3.0009 2.03585
0.893726 0.703405
0.323619 0.341479
0.127497 0.217942
1.49525 1.08373
2.27019 1.57417
2.99544 2.03559
2.84457 1.93754
1.22101 0.910009
1.49709 1.08574
1.08556 0.823129
2.87434 1.95705
0.726152 0.596371
2.39544 1.65194
0.817782 0.65336
2.12993 1.48641
0.559667 0.491032
1.4566 1.05679
2.90583 1.97639
0.871083 0.686215
1.04085 0.797451
2.40724 1.66169
1.28459 0.951769
1.87178 1.32131
3.00999 2.04431
2.06097 1.4424
1.91078 1.34671
1.27322 0.943927
0.483892 0.444987
0.645155 0.545748
1.77896 1.26478
0.218216 0.273503
0.916821 0.717932
3.01731 2.04927
2.82282 1.92338
0.723611 0.594614
0.593019 0.511209
2.56776 1.76279
0.235504 0.284122
2.53083 1.73909
2.0815 1.45504
1.58055 1.13574
2.92515 1.98656
1.57657 1.13467
0.678056 0.567331
2.86542 1.95215
1.69702 1.21207
1.18986 0.890643
2.61937 1.79641
2.11424 1.47577
3.03946 2.0636
2.22569 1.54484
2.60047 1.78278
0.219384 0.273912
2.23472 1.5509
2.62028 1.79565
2.4586 1.694
0.653974 0.551285
0.841329 0.668976
0.539494 0.478881
0.451323 0.423293
0.667966 0.560847
2.63151 1.8028
3.00929 2.04079
0.768853 0.622695
1.49751 1.08732
1.24091 0.921258
1.17465 0.880487
0.785898 0.635677
2.61104 1.7886
2.27072 1.57393
0.74379 0.606702
2.02622 1.4201
0.75488 0.616359
0.658217 0.554784
1.88747 1.33011
2.29531 1.58986
2.74631 1.8781
2.76606 1.88822
0.439405 0.41423
1.10929 0.837897
1.4526 1.05682
1.62311 1.16372
0.780272 0.631381
0.990241 0.764987
2.17383 1.51333
1.73013 1.23236
2.51154 1.72632
2.90366 1.9755
0.354117 0.361194
2.55083 1.75171
0.718451 0.590359
2.01975 1.41529
0.799128 0.641072
0.772243 0.623347
2.8087 1.91812
0.412581 0.395987
2.2455 1.55742
2.7894 1.90252
1.68993 1.20785
1.41398 1.03201
1.48334 1.07719
2.01223 1.41172
0.96277 0.746788
1.75297 1.24496
0.114479 0.208365
2.75185 1.88047
2.85711 1.94715
0.53395 0.475635
1.48934 1.07895
0.638361 0.539952
1.97262 1.38599
0.847696 0.674513
1.26582 0.938666
0.12416 0.217055
2.82211 1.92635
1.6027 1.1527
1.80882 1.28168
0.856767 0.679634
2.39262 1.65265
1.73208 1.23205
0.845722 0.672569
2.17588 1.51456
1.11228 0.839517
2.57544 1.76603
2.56996 1.76435
0.897083 0.702753
1.84051 1.30331
0.67047 0.561223
2.5415 1.74454
2.1145 1.47598
1.63585 1.17371
2.49331 1.71583
0.772813 0.625371
1.93042 1.35895
1.0568 0.806583
1.65235 1.18489
2.88391 1.96186
2.41255 1.66583
2.49667 1.71706
1.77329 1.25901
1.18395 0.884732
1.33047 0.979604
1.32482 0.975408
2.77804 1.89726
2.36343 1.63272
2.06379 1.44121
1.41441 1.03303
1.49736 1.08379
0.462064 0.431237
1.5077 1.0927
1.70985 1.21743
2.74972 1.87833
2.25301 1.56346
0.278664 0.314584
0.736789 0.603624
2.17589 1.516
1.82079 1.28613
1.58923 1.14441
1.39998 1.02646
2.37333 1.63815
1.52505 1.10232
0.591752 0.510271
0.941374 0.732111
2.41768 1.67172
0.544659 0.482541
0.864497 0.685469
1.96948 1.38384
1.98155 1.39206
0.202083 0.264404
2.42041 1.67088
0.143221 0.227513
0.985261 0.760991
0.613518 0.527045
2.04579 1.43081
1.38257 1.0117
1.70829 1.21922
1.10301 0.834593
2.34775 1.62382
2.82251 1.92355
2.66826 1.82643
1.66805 1.19522
0.647833 0.549861
1.63747 1.17508
1.17249 0.880272
1.69437 1.21064
3.01693 2.04856
0.541301 0.477873
2.42833 1.67439
1.45555 1.05753
1.98395 1.3926
1.56237 1.12682
0.400568 0.391651
2.3928 1.65103
1.9101 1.34776
2.749 1.87643
2.61145 1.79096
1.37695 1.00841
0.614037 0.523857
2.96219 2.01227
0.680844 0.566391
0.506849 0.460298
1.15841 0.870804
0.903986 0.710291
0.636839 0.540818
2.68227 1.83504
1.8809 1.32914
0.671015 0.560846
2.62702 1.80119
0.459427 0.427914
2.68802 1.83988
3.09235 2.09504
0.588168 0.509283
1.37651 1.00749
2.67902 1.82971
2.62919 1.80136
2.19866 1.52952
2.17186 1.51408
0.927916 0.725813
0.484984 0.44211
1.86918 1.32091
0.935234 0.727431
0.87028 0.688996
1.61222 1.15571
0.867482 0.685308
2.77216 1.89267
1.62954 1.16819
1.77122 1.25891
0.260393 0.301258
2.97365 2.02283
1.42969 1.04389
2.09617 1.46362
2.42159 1.6681
1.81158 1.28454
3.08705 2.09047
1.24193 0.920611
2.31937 1.60575
2.21028 1.53639
0.129829 0.220237
2.78657 1.90181
2.79 1.90346
1.80775 1.28189
0.213711 0.270954
2.61958 1.79556
2.55131 1.75374
2.84499 1.93796
1.96199 1.37767
1.77947 1.26576
1.20152 0.897891
2.5068 1.72316
1.30642 0.964485
3.01061 2.04356
1.93576 1.36084
2.80161 1.90912
2.43748 1.68051
1.00447 0.771259
0.464451 0.430817
2.64583 1.81317
1.1223 0.847645
0.865136 0.685293
2.15952 1.50327
2.23475 1.5513
0.154777 0.235188
0.72217 0.591405
2.28243 1.58296
2.71733 1.85666
2.34334 1.62309
2.16041 1.50582
0.323131 0.341664
2.51146 1.72737
0.575111 0.501209
2.69186 1.84135
0.78222 0.632212
1.83356 1.2972
2.88708 1.96597
0.574489 0.500065
3.0678 2.07934
2.03888 1.42861
2.79196 1.90353
0.155787 0.234252
0.608184 0.519775
0.349654 0.356501
2.93426 1.99579
1.16532 0.874505
2.90858 1.97862
1.19237 0.89001
0.294528 0.322728
0.372902 0.375225
0.807572 0.648388
1.65863 1.18803
1.56377 1.12754
1.44637 1.05088
0.120799 0.214325
0.241695 0.28948
2.98362 2.02711
2.20294 1.53383
0.392147 0.385708
0.144431 0.228306
1.38667 1.01588
1.72439 1.22851
2.84901 1.94075
0.548397 0.485072
2.93124 1.99119
1.32981 0.978432
2.65139 1.81361
1.47153 1.06657
1.5161 1.09629
0.89541 0.70356
1.59013 1.14238
1.42682 1.04002
1.04086 0.796604
2.46047 1.69576
1.39884 1.021
3.0032 2.03682
2.10972 1.47083
2.55378 1.75271
2.60532 1.78627
1.02737 0.787067
1.40729 1.02834
3.04053 2.06142
2.06774 1.44496
0.913558 0.715491
0.718211 0.59251
3.04918 2.07033
1.36388 1.00049
2.30292 1.59456
1.68123 1.20128
1.36754 1.00497
3.0977 2.09722
2.75874 1.88444
1.76917 1.25338
1.11909 0.847581
1.68627 1.20464
2.93447 1.99436
1.45883 1.06006
1.81582 1.28604
1.19719 0.895393
0.666587 0.55944
0.831495 0.660686
0.365033 0.369273
2.13748 1.49036
1.71034 1.21849
0.314585 0.335765
1.13636 0.857392
2.5348 1.74098
0.7408 0.606747
2.68678 1.83844
2.12443 1.48263
1.90963 1.34555
0.5623 0.493622
1.03018 0.788206
1.9061 1.3441
1.29521 0.957086
1.61288 1.15804
2.21638 1.53981
0.629077 0.534792
2.40975 1.66325
1.59594 1.1474
0.233062 0.285978
2.9756 2.02092
1.62164 1.1647
2.44513 1.68611
1.12746 0.850553
2.59906 1.78461
0.734496 0.6009
2.67355 1.8301
1.99204 1.39808
0.418233 0.401326
2.44158 1.68222
1.44307 1.05042
0.799947 0.644282
1.56501 1.1296
0.309445 0.334694
0.299995 0.326112
0.145815 0.230903
1.2066 0.900173
2.63865 1.80711
2.24023 1.55608
1.48579 1.07855
1.43801 1.04801
2.01693 1.41524
2.73156 1.86647
0.580136 0.504328
2.41545 1.66645
0.125363 0.214626
0.770181 0.625064
2.16194 1.50535
0.562466 0.489945
1.17525 0.881281
1.91739 1.35255
0.538899 0.477146
2.87619 1.95853
0.328783 0.345076
0.718524 0.590512
0.947458 0.735414
1.44119 1.04735
2.17749 1.5157
2.98649 2.02878
0.505457 0.457713
0.856255 0.68181
1.0215 0.784266
2.12789 1.48448
2.34845 1.62352
0.692618 0.575369
1.37174 1.00549
2.70592 1.84885
2.06006 1.44096
1.07027 0.814652
2.03956 1.42698
0.563034 0.492327
1.03384 0.791444
0.255899 0.296093
2.65053 1.81692
2.36835 1.63554
0.693015 0.575933
0.648489 0.547489
2.35209 1.62615
0.113927 0.2101
0.273087 0.310289
0.756671 0.616391
1.65135 1.18445
0.163117 0.239179
0.382945 0.380086
0.680615 0.568763
0.549837 0.482664
1.93502 1.36053
0.893211 0.701768
1.65199 1.18336
1.10365 0.835051
2.97874 2.02287
1.19127 0.893106
3.08129 2.08647
1.74465 1.23976
0.482077 0.442491
2.24937 1.56059
1.92965 1.35861
1.11831 0.846109
3.06009 2.07526
3.05114 2.06964
1.60981 1.1547
1.40194 1.0243
1.26134 0.934216
1.39914 1.02403
1.91918 1.35138
2.12243 1.4791
3.06769 2.07879
1.53631 1.1102
0.536063 0.476811
1.67731 1.19929
1.6518 1.18176
2.36082 1.63209
2.13409 1.48917
0.422263 0.403176
1.83495 1.29985
1.28776 0.950941
1.94725 1.36969
2.51153 1.72722
1.82267 1.28823
2.63859 1.80694
0.6091 0.523427
1.78212 1.26498
2.08896 1.4599
2.47631 1.707
0.483592 0.443631
0.309695 0.332352
0.947853 0.734598
1.80698 1.28258
0.700995 0.5816
1.51689 1.09846
1.31186 0.96705
0.166906 0.240742
1.48196 1.07658
1.12972 0.853932
2.00789 1.4073
2.23236 1.55207
0.397025 0.386664
2.31127 1.6009
2.49694 1.718
1.69353 1.2104
1.74812 1.24269
2.66978 1.82584
0.662542 0.556402
1.8083 1.28223
0.461128 0.429112
0.843297 0.67194
2.18451 1.52122
0.294865 0.322932
0.523866 0.469554
1.8183 1.28797
0.811225 0.650722
1.28413 0.950302
2.04481 1.43074
1.48622 1.07972
0.379782 0.3775
0.260091 0.301846
0.669279 0.560387
0.764966 0.621898
1.68602 1.20384
1.62809 1.1695
2.03994 1.42747
0.753846 0.613924
1.01109 0.775958
0.196526 0.261923
1.96072 1.37743
1.17533 0.881118
2.79471 1.90817
1.97378 1.38574
1.47136 1.06914
0.171835 0.246002
1.29779 0.958216
1.16644 0.876599
2.36382 1.63219
0.201349 0.263518
0.178507 0.252007
1.23571 0.917849
0.690069 0.573296
1.1017 0.835873
1.08148 0.820797
1.2496 0.928699
2.37776 1.64228
0.399712 0.387905
0.172396 0.247512
2.90278 1.9753
2.3435 1.61875
0.781794 0.631551
1.88329 1.33014
2.02315 1.41859
1.54664 1.11556
1.44467 1.05098
2.3602 1.63262
1.54015 1.11028
2.7365 1.86944
1.44607 1.05227
0.183596 0.252307
1.4361 1.04654
2.16114 1.50416
1.57953 1.13703
0.197832 0.261527
2.63853 1.8058
0.6848 0.571911
0.570328 0.496974
1.66536 1.19112
2.63138 1.8033
0.916424 0.716233
1.09415 0.829118
1.54081 1.11103
1.2927 0.956167
2.85551 1.94447
1.60608 1.1534
0.308703 0.331494
1.80909 1.28178
1.64041 1.17425
2.04719 1.43218
1.12802 0.850475
1.64242 1.1775
1.73354 1.23406
1.69712 1.21096
1.80951 1.28067
0.197259 0.261783
0.959385 0.742741
1.30081 0.959259
0.177948 0.250477
2.21568 1.53967
0.898723 0.704681
0.351494 0.358878
1.96745 1.37988
1.4777 1.07331
1.88563 1.33548
1.23001 0.915283
2.23037 1.54898
2.32048 1.60476
2.88044 1.96318
2.72738 1.86453
1.53673 1.11058
3.05886 2.07349
2.33016 1.61361
2.92062 1.9871
1.23168 0.917567
2.63731 1.80653
1.04535 0.797761
2.86459 1.95138
0.543373 0.478091
0.550618 0.485575
2.927 1.98746
1.06786 0.812846
1.43518 1.0469
0.2204 0.27794
2.77542 1.8955
1.47869 1.07323
1.47928 1.07201
2.31179 1.60003
0.781679 0.633231
1.6913 1.20816
0.878234 0.693769
0.889544 0.700963
0.844663 0.671694
2.85701 1.946
0.808485 0.648652
1.61354 1.15964
1.29068 0.955171
2.66817 1.82553
2.98978 2.03076
1.51678 1.09794
0.834491 0.665381
1.1226 0.846962
1.39089 1.0166
2.96925 2.01718
0.203032 0.26553
2.68813 1.83966
2.15808 1.50459
0.276486 0.311866
0.19865 0.263895
1.3707 1.00362
1.39631 1.02234
0.655268 0.551728
0.210282 0.270791
2.17304 1.51215
2.32128 1.60687
2.7038 1.84849
1.14073 0.858815
0.533517 0.475619
0.68707 0.572327
1.58382 1.14135
3.04223 2.06305
0.31234 0.334782
1.67828 1.20069
0.594209 0.513531
1.3502 0.994452
0.641186 0.542086
2.0618 1.44013
2.31847 1.60652
1.13885 0.85836
2.42589 1.67171
2.23096 1.55278
2.40094 1.65911
0.49421 0.448737
0.441122 0.415863
2.18459 1.51911
0.911272 0.713824
2.51138 1.72708
1.31847 0.972007
2.34389 1.62085
2.56968 1.76329
1.67803 1.19815
0.733088 0.601213
1.75572 1.24788
2.32047 1.60465
1.72379 1.22705
0.467992 0.432395
1.46004 1.0604
2.86288 1.9516
1.12471 0.848536
2.46319 1.69873
3.03766 2.06049
2.76346 1.88736
1.04314 0.797985
0.734922 0.603868
1.54471 1.11656
1.8468 1.30562
0.361717 0.368341
0.433867 0.411998
2.68342 1.83483
1.68866 1.20682
3.00325 2.04076
0.209518 0.270577
2.38806 1.64805
1.79483 1.27172
0.840768 0.668638
0.686906 0.571659
0.209125 0.271093
2.05015 1.43475
0.41593 0.401132
1.42283 1.03801
1.17222 0.878855
1.55765 1.12265
1.17412 0.880337
1.12243 0.847309
1.3069 0.96277
1.46764 1.06544
1.63088 1.16974
1.10589 0.837185
0.369408 0.370715
2.61126 1.79018
0.956934 0.742486
2.06325 1.44294
2.28542 1.58251
2.71616 1.85784
0.141005 0.226798
2.52967 1.73759
2.40098 1.65764
2.46001 1.69531
1.45291 1.05628
1.00525 0.772645
0.224988 0.279813
1.79801 1.27402
0.400124 0.391137
1.26611 0.937594
1.53489 1.10914
2.18751 1.52281
0.229996 0.283423
3.07005 2.08202
2.60299 1.78382
2.46776 1.69898
1.35126 0.994364
2.04159 1.42812
2.24611 1.5584
2.77762 1.89601
2.22381 1.54331
2.20761 1.53582
1.38383 1.013
1.84876 1.30933
0.817834 0.655798
1.85592 1.31307
1.02716 0.790712
0.17181 0.245269
0.8656 0.685348
1.74995 1.24446
1.20835 0.899571
2.5604 1.75767
0.570027 0.498197
0.227797 0.280407
0.901134 0.706461
1.96609 1.38175
2.95822 2.00891
1.21926 0.907528
2.44459 1.68474
2.717 1.85725
0.384507 0.379767
1.22813 0.913356
2.91051 1.98063
0.451461 0.420409
1.30679 0.964232
1.68227 1.20158
2.01122 1.4117
2.86233 1.95029
1.57724 1.1344
0.217407 0.273513
0.127271 0.218107
2.05979 1.44131
0.492541 0.448307
1.21032 0.902224
1.94816 1.36881
0.345109 0.356313
2.1499 1.49822
0.555648 0.49049
2.4013 1.65726
2.35765 1.63019
0.595988 0.515175
0.20884 0.265881
2.82134 1.92242
2.26863 1.57522
2.3359 1.61665
1.78834 1.26866
0.445295 0.417094
0.449137 0.419782
0.266145 0.30538
1.11432 0.843517
0.899282 0.70689
2.02563 1.41964
0.522671 0.468457
1.6799 1.19938
2.33693 1.61766
2.8062 1.91324
1.03901 0.793395
1.34291 0.98554
2.57747 1.76933
0.946672 0.734664
0.523252 0.468571
0.27518 0.311344
2.19524 1.52679
0.958591 0.743692
0.410309 0.394954
1.84489 1.30284
1.12438 0.84821
3.04948 2.06759
0.481639 0.441886
0.240172 0.287374
2.31657 1.60345
1.30612 0.962338
1.59408 1.14676
0.267184 0.305844
1.58751 1.14222
2.482 1.70674
0.432943 0.412258
2.94058 1.99752
2.72551 1.86271
1.72047 1.22581
2.01774 1.41503
2.37559 1.64179
1.27435 0.942033
3.03961 2.06078
2.52976 1.73859
0.547215 0.483189
1.07173 0.815517
0.699445 0.580528
1.03535 0.790545
0.327345 0.341818
2.8857 1.96458
0.698844 0.577385
0.492522 0.447945
1.78852 1.26881
0.834472 0.663528
2.1231 1.48102
2.38223 1.64557
2.49347 1.71618
1.62517 1.16672
1.41841 1.03754
1.34194 0.985855
1.2981 0.954995
0.109153 0.206105
2.14122 1.49392
0.152062 0.234228
2.55439 1.7569
0.904092 0.709385
0.237594 0.287236
0.308295 0.332905
1.07794 0.820921
0.541075 0.47953
0.85908 0.681706
0.564666 0.495044
0.190748 0.255198
2.01695 1.41246
1.83811 1.29962
1.43938 1.04975
0.495762 0.448901
1.83295 1.29828
2.29832 1.59174
2.23012 1.5518
0.115638 0.208171
0.753837 0.615105
2.31367 1.6019
1.21135 0.903526
1.33043 0.979334
0.740188 0.607021
2.3167 1.60299
2.09924 1.46792
1.75185 1.24683
1.96666 1.3821
0.127013 0.216446
2.05649 1.43902
1.13609 0.855675
1.17085 0.875936
2.30972 1.59964
2.32897 1.61224
1.33529 0.983615
0.738276 0.604034
1.15598 0.870573
0.857667 0.677947
0.248638 0.295334
0.705979 0.583918
2.80673 1.9154
1.65836 1.18989
2.9342 1.99586
2.98158 2.02554
1.00734 0.775689
0.929109 0.726987
1.89007 1.3319
2.5972 1.78298
1.41143 1.03093
0.983345 0.758076
2.68198 1.8355
2.58481 1.77114
1.4364 1.04419
0.641585 0.542377
0.717415 0.589779
0.807497 0.647843
3.04118 2.06264
1.61003 1.15716
1.49875 1.08446
2.78521 1.89686
1.28698 0.952484
1.97152 1.38514
1.4575 1.06051
1.2536 0.93046
0.172169 0.244644
