2.39024 1.22917
3.04969 2.2707
2.48416 1.93721
3.00739 2.43044
2.35717 2.35498
4.14033 2.32732
1.11979 1.16374
2.11596 1.63944
3.05806 2.26872
2.75466 1.31767
2.06915 2.4403
3.80683 2.03021
1.19692 0.503329
0.763227 1.11439
2.48564 1.95615
0.936665 0.0828772
0.00410521 0.0194748
1.11017 0.856803
0.158619 1.15626
0.696078 0
1.44082 1.53189
0.463013 0.227138
2.45796 2.23031
2.84612 1.19037
2.53274 1.17714
0.884364 2.39542
0.49159 0
0.263595 0.116225
1.86151 0.6561
0.967854 1.23739
3.62913 1.78145
0.978498 2.20386
2.85511 1.6339
0.874024 0.0998054
1.74535 1.88354
0.916421 1.06177
0.727987 0.527431
1.4533 1.01185
2.52159 0.832971
0.851719 0.829674
0.829693 1.00079
3.47317 1.97227
3.27479 2.40544
0.11557 0.548153
2.16212 2.38641
2.17594 1.2901
2.11161 1.07849
5.67398 0.372452
1.04258 0.852635
1.16477 0.627663
1.39091 1.08582
2.481 0.571736
3.1631 2.59903
3.29392 2.09977
3.34299 1.66381
1.58643 1.72601
2.66246 1.84427
0.750433 0.715535
0.795682 0.366154
1.52087 0.869042
1.29864 1.06596
3.30247 1.56972
2.25105 1.62464
1.30558 0.910985
1.55031 0.873289
2.10626 0.737449
2.67038 2.2832
2.80387 1.69739
3.07519 2.06223
1.75108 1.48596
2.95164 1.71988
5.95055 1.02244
3.1196 1.22708
1.56989 0.951695
1.26757 1.22415
1.06619 1.46944
0.923929 1.09371
1.05528 0.513352
3.48263 2.89176
3.31818 1.9096
0.0980783 0
2.98333 1.38933
1.04313 1.6693
2.42187 2.11187
1.54288 1.52092
0.133351 0.0439193
1.54828 0.520293
3.18015 1.29596
2.75731 2.02434
1.62034 1.83663
0.558651 0.845473
1.60578 1.24889
3.72128 2.21778
2.95305 1.00164
1.82952 2.26556
2.86503 2.76418
2.14984 0.777089
1.37372 1.36263
2.76646 2.3615
1.21954 1.43697
1.8691 2.62097
3.57668 2.10631
2.73537 2.23047
2.26343 1.95523
3.40266 2.54888
2.54684 1.18341
6.23243 0.0724903
2.56857 1.33016
1.94495 2.52657
2.49886 1.51934
0.812372 0.0865458
1.87461 1.56428
2.7755 2.21251
2.24389 0.874952
0.999928 0.978392
1.02978 0.874052
0.607651 1.07615
2.53407 2.18156
0.518214 0.287852
0.400965 1.2311
1.20631 1.36394
1.41406 0.667164
1.07728 0.692326
1.10949 0.512658
2.85354 1.40045
0.608055 1.02868
6.24809 0.0538146
2.23419 2.76825
2.62702 1.58308
2.84652 1.85069
2.33358 1.3828
1.75727 0.309387
1.22287 1.10238
1.27829 1.82097
0.765088 1.08339
1.56322 1.79328
0.45 0.540309
1.06808 0.509976
2.52012 1.64528
2.19161 1.35609
2.99886 1.55919
2.83696 1.01739
1.56082 1.16975
1.12359 0
1.78332 1.12536
2.35399 1.11994
2.26736 2.36692
2.04369 0.937997
0.794077 0.766178
0.253385 0.388859
1.6606 1.16347
3.56907 1.61932
2.65572 2.44092
2.13407 1.14084
2.06477 1.17118
2.24888 1.67348
2.28507 1.36579
1.70818 2.42508
0.151964 0.182046
2.5965 2.40729
0.0981793 1.09754
2.20531 2.27924
0.847581 0.00453391
2.45049 2.10089
0.873173 0
1.22691 0.879317
1.41548 1.02201
2.42875 0.921334
2.22077 2.39189
2.58396 2.18221
6.08163 0
2.09894 1.01237
2.64539 0.942077
1.06504 0.847894
4.08394 1.90411
0.63673 0.832512
1.2837 0.197468
2.84306 0.953311
2.98729 1.59858
2.16954 1.55026
1.39221 0.185011
3.3361 1.80801
1.96404 2.40921
3.65676 1.43598
2.66455 1.45144
0.627079 0
2.60547 1.60358
0.897534 1.01752
6.03182 0.348067
1.88094 1.33747
3.07281 1.43784
1.48702 0.465018
1.52478 0.167893
1.85199 1.50739
2.93822 1.56028
1.67199 2.26946
1.51038 0.887364
2.88939 1.75605
2.46692 2.08485
2.41605 1.67467
1.50544 0.835781
0.734759 0
2.35454 1.73401
0.209808 0.0281239
0.369698 0
2.61737 2.60505
2.21297 0.682039
0.457958 0.138011
2.50603 1.63901
2.37726 1.61662
2.02159 1.61655
0.24271 0
5.94177 1.70091
1.15799 0.827793
2.99484 1.73153
0.639438 1.0535
2.19136 1.56532
0.854427 0.863115
5.71561 1.46785
1.89363 1.58142
2.75727 1.24955
1.29827 0.801239
2.02617 0.842337
0.210046 0
0.185741 1.16177
5.81732 0
2.9074 1.70891
2.83175 1.32335
2.27943 2.33184
2.71096 1.87472
2.99616 0.831841
3.02546 0.90365
3.38981 1.53895
2.13395 1.01802
2.85492 2.07306
1.59005 0.91539
2.73596 0.985515
1.41577 1.98537
2.96017 2.55055
1.17271 0.383966
0.68844 0.709225
1.18496 1.6831
2.68469 1.46047
1.40584 1.91901
6.03875 0.820306
3.20371 2.20345
2.56837 1.41199
1.55471 0.361464
0.353187 0.997338
3.05098 2.49205
0.526713 0.63008
3.47011 2.22597
3.44838 2.17976
0.131464 0
0.648996 0.526038
3.2586 2.15977
1.89978 1.80633
2.0391 1.78148
1.22366 1.56788
0.944534 0.583277
2.38625 2.5151
2.2143 2.0047
2.24683 1.78586
6.26377 0.414723
3.13538 1.37449
3.24784 2.27163
0.98967 0.136049
0.135138 0
6.03324 1.49685
6.01946 0.351023
2.35268 0.917137
2.17722 0.87147
1.35793 1.90102
1.53052 0
0.353619 0
2.19941 1.58774
1.13682 0.119349
2.96302 1.93709
1.44758 1.81258
6.04182 0.227157
0.263996 0.466803
1.44839 0.434501
1.95192 2.80012
3.19552 1.8542
1.57881 0.800662
1.08315 0
1.18843 2.98425
1.72755 1.06933
1.18512 1.6913
1.90158 1.74055
0.989282 1.37872
0.806918 0.600369
2.30684 1.68228
3.22764 2.23033
3.24095 2.02678
6.27595 0
2.49723 1.64147
1.30342 0.717218
0.796155 1.03018
2.97458 2.01233
2.96712 1.05663
0.761408 1.41576
2.10212 0.851064
2.19547 1.74126
0.352478 1.36911
2.77113 1.41023
3.02955 2.29852
3.31637 1.99273
0.518078 0.140295
3.63413 2.26563
1.71231 0.351138
0.112831 0.25987
0.278694 0.192468
1.21979 1.42037
2.35499 1.59835
0.273043 0.514368
6.08556 0.0960481
1.99115 1.66049
1.81454 0.683262
3.02984 0.967579
1.97508 1.19522
1.47421 1.40901
0.90169 1.46028
0.489303 0.118349
2.58339 1.91107
5.94355 0.721254
0.987501 0.531049
0.578759 0.329567
0.547547 0.473071
2.29785 1.41532
0.534381 0
2.2158 1.54532
2.32779 1.42745
2.13968 0.44167
2.42322 1.58303
2.50796 1.2146
0.430653 0.331829
1.84995 1.23349
1.49664 1.4815
1.58943 1.38896
1.80509 1.14938
1.95411 1.69157
0.839853 0.22534
0.696978 0
0.741263 0.0078843
1.36535 1.18816
0.327164 0.124312
0.345845 0.295328
0.133903 0.939
2.21269 1.0302
0.472602 0.516661
3.19665 0.913856
2.07106 1.50776
2.35491 1.2998
0.575866 1.0067
3.29483 1.4515
0.385181 0.552677
1.92782 0.304339
1.76566 0.942776
1.82019 1.46313
1.39043 1.14332
2.60063 1.93263
2.29911 1.77358
1.82895 1.06933
1.34179 1.51077
1.90201 1.21318
1.68298 1.7354
2.63331 1.03272
1.2282 1.05072
4.13888 2.10256
0.00389439 0.65855
1.291 0.619603
2.33039 2.58044
5.86669 0.667313
2.70331 1.72458
2.73721 2.35023
1.71834 1.16276
2.87546 2.11957
0.249177 0.0802776
1.18363 1.4554
2.64334 0
3.30323 1.59877
2.93541 1.64948
2.62165 2.7457
3.1526 1.19297
1.04268 1.47864
2.52905 1.10689
0.76484 0.708016
1.70228 1.58293
1.67098 2.05034
1.51305 0.421133
2.26779 0.724934
2.84956 2.59875
1.36053 0.82815
1.31475 0.969988
0.36199 0
0.316098 0.145737
0.908625 1.00738
2.34784 1.79938
1.23602 1.11879
0.476682 0.542822
1.13112 1.02446
2.14377 1.27893
2.67869 2.39506
2.01978 1.32194
1.3228 1.72246
2.53921 0.988262
2.53644 1.52195
0.621081 0.284911
0.252033 0.0980445
3.14185 2.33489
1.94697 1.20623
1.33607 1.12119
2.94278 1.87844
0.648669 0
1.08386 2.46398
1.04299 0.0909392
2.6785 2.10728
2.48673 2.05
0.558647 0
3.12075 1.79107
0.864234 1.14563
0.480381 0.937193
2.21502 1.11744
1.10359 0.328946
3.24593 2.19976
0.444006 0.0571119
0.616692 0.944977
5.91869 0.747223
1.93706 2.5986
1.63463 2.21177
0.559223 1.30139
0.760227 0.5285
2.46483 2.47607
1.48392 0.663033
1.23776 0.692318
1.52003 0.987547
1.01698 0.477125
2.25218 1.6458
5.9521 0.362324
3.43913 1.24024
2.07594 1.7267
2.11424 1.87051
3.45989 1.93857
1.14708 1.05194
0.987887 1.03162
0.44817 1.14554
2.16095 1.60972
1.45483 0.901548
0.75026 1.39205
0.82222 1.57297
0.55937 0.421997
1.62448 1.47909
0.974874 1.09389
1.23094 1.32214
1.3196 0.639546
1.89149 1.04178
1.54263 1.37411
1.21429 0.179756
2.07837 0.901785
1.15409 0.751605
0.505397 1.52707
1.56825 1.4557
0.779824 0.657134
1.93776 2.01191
3.64653 1.61922
1.22511 2.26218
2.28375 1.38502
0.770623 1.77491
1.29983 2.49918
0.214889 0.90779
1.32349 0.164329
0.578501 0.777324
1.89181 1.11004
2.15827 1.18239
0.152551 0
2.41072 2.27962
0.0302659 0.212081
1.7975 1.44277
0.310724 0.176357
1.40409 0.925191
1.4997 0.999431
2.55134 1.9411
2.19597 0.719952
0.732785 0.738407
2.44511 1.81549
2.1788 0.996998
1.06423 1.10975
2.40797 0.394439
0.0501728 0
1.22829 0.492437
0.710087 0.13326
6.17632 0.475925
2.79908 2.30083
2.41512 1.79606
1.60907 0.201532
2.49543 1.00043
0.944382 0.647979
0.658113 0
6.26153 0.710639
0.83668 0.750441
1.16043 1.21409
0.429652 0.200284
1.80185 1.07211
3.68695 1.98939
5.49242 0.213442
6.09898 0.132792
2.5989 0.867635
2.39526 2.64188
1.28112 0.671956
2.50535 1.37252
1.88504 0.700856
2.09939 1.66047
1.25503 0.939514
0.693239 1.28237
2.48566 1.92759
0.645536 1.30721
0.363594 0.426058
2.52996 1.51896
2.92032 1.76594
1.40647 1.89357
1.24303 1.76045
3.06151 1.18439
0.165536 0.110171
1.42042 1.07918
2.90541 1.74033
1.19801 2.69117
0.778534 0.615299
2.10347 0.826112
2.61952 1.46907
2.02709 2.12863
5.94179 0.0452771
3.10111 1.24498
2.34821 1.09002
2.25122 2.27139
2.27577 1.26983
2.32494 1.41596
2.76445 2.25822
1.86065 1.48561
2.04916 1.96754
2.59034 1.13448
0.341734 0.652166
0.0636412 0
2.40138 0.324215
0.298034 0.534763
0.316411 0.156707
2.45305 2.53939
0.647446 0.591908
2.22251 0.930355
0.979487 0.3627
1.81647 0.8174
0.379242 0.818625
0.523337 0
2.63503 0.860846
6.20553 1.45282
2.94222 1.15631
0.594202 0.59347
1.66251 1.36613
0.410547 0.930093
2.83029 1.83189
1.75528 0.538972
2.90602 1.83921
5.84986 1.23841
2.31219 0.577323
1.24171 1.7964
0.371753 0.385319
0.863426 1.52851
2.1955 1.27376
2.67738 2.2472
2.3175 1.99993
2.32421 1.90394
2.57254 2.01523
0.826799 0.198869
6.12015 0.808435
2.66199 1.94613
2.41088 2.26809
2.97573 1.54971
2.54291 0.9249
3.24698 1.33802
3.30902 1.93164
6.17734 0
1.57174 0.865538
2.06253 0.899489
0.500076 1.02466
1.94647 1.07383
6.06694 1.27402
2.45925 1.37898
0.722503 0.754488
0.622948 1.07452
2.30594 2.01344
2.20439 1.28396
2.27337 1.01788
0.958461 0.529232
2.21819 1.42981
2.5885 1.51974
0.39561 0.100874
1.88244 1.23159
2.17084 1.11018
5.97406 0
1.12203 0.952917
2.888 0.768638
2.86205 2.52056
2.0557 1.28231
0.564318 0.0223346
3.4508 1.77258
2.62301 1.81621
6.19649 0.261867
1.67655 1.37069
1.50935 0.642294
0.537968 0
3.28888 1.49388
1.08061 0.0459833
2.30593 1.34536
1.90675 0.54503
3.85689 1.41344
2.26127 1.85921
1.11051 0
0.785812 0.542214
1.86814 1.61275
0.828131 0.783198
3.00726 1.76185
1.51588 0.0443359
2.44038 1.32201
3.00639 1.77311
1.5793 0.823848
1.07375 0.950159
2.6341 2.14097
0.421057 0.556646
0.854206 0.423345
2.46353 2.57007
0.881535 0.772083
2.68066 1.89547
1.25856 0.0725998
2.90807 2.76939
1.35665 1.13497
3.32051 2.30456
0.421177 0
1.37721 0.281418
1.95951 0.257547
1.39996 0.768989
2.07194 1.35736
3.68388 1.81246
0.0551439 0.6157
1.62165 1.86202
1.44823 0.44002
1.10369 1.72222
1.97757 1.08251
1.1169 0.862205
2.183 1.58411
2.18596 1.07459
3.22296 1.05532
2.71258 2.00901
0.350456 0
1.4382 1.39143
0.547723 1.06951
2.1686 1.26521
1.05947 0.541662
1.82125 1.15224
1.64267 0.658125
1.92214 1.61496
0.887077 1.29447
0.342725 0
1.03972 2.01536
0.236014 0.85361
1.22217 1.4097
1.91532 0.701062
0.544208 0.706917
1.6079 0
1.38804 0.523924
0.81009 0.308567
0.564998 0.655129
2.03735 0.431106
2.39837 2.09563
2.38715 0.702898
1.25167 0.285587
2.32544 2.13401
2.89178 0.911225
1.29764 0.54984
1.58631 1.36519
2.47891 1.90363
1.99291 0.977654
0.63474 0.42125
0.553062 0.19662
0.382332 0.30608
1.36779 2.17398
2.09964 2.07953
1.68493 0.571341
0.63291 0.420142
2.2287 1.5266
0.156595 1.50151
3.28004 1.81209
0.0929768 0.0742238
2.53555 2.3285
2.04159 1.95023
0.474155 1.62689
1.46377 1.04278
1.32524 1.58601
1.11428 0.451396
0.608389 0
1.34282 0.635877
4.03931 1.61459
1.07002 1.12225
0.700471 0.667696
2.97658 0.770041
2.23879 1.87033
3.49666 2.02505
1.42113 0
0.449296 0.896889
0.710741 0.672453
2.33783 2.46899
3.22261 1.41841
1.96012 1.87709
1.27358 0.266098
1.44257 1.7107
1.22274 0.627958
6.25256 0.0679941
1.65633 0.143642
0.284347 0.780572
2.52924 1.22615
1.78815 0.52228
0.821921 1.19149
2.66876 1.96079
0.252181 1.23949
1.61017 1.50697
6.03538 0.952775
6.24319 0.791081
2.31658 1.54189
1.73416 2.32591
2.19217 1.03497
0.813447 0.745159
3.0053 0.798996
1.27169 0.867167
1.97919 0
2.63833 1.74396
0.984713 0.530804
1.42334 1.08268
2.2069 2.10587
1.80729 1.16449
0.6104 0.228019
0.265063 0.413369
0.993499 0.491612
2.40638 2.0529
0.76102 1.09504
2.80395 2.33004
2.32683 1.02852
1.45725 1.47652
2.78954 1.42382
0.86801 0.638235
0.997448 1.67887
1.55104 0.706625
0.863325 2.10047
1.36065 1.56384
2.09352 2.27218
0.939776 1.56553
1.46923 0.0109166
0.166684 0.658315
1.61768 1.27898
0.0502141 0.437275
3.30736 1.38311
0.702634 0.893705
3.07557 2.50148
0.310182 0.516541
0.681184 1.17277
1.8098 0.972567
2.96924 2.03594
2.14974 1.13145
2.97807 1.2598
3.44448 1.28194
0.909617 0.84252
1.63709 1.09408
1.56056 1.3017
1.44095 1.48103
2.64815 1.59824
1.94479 1.07412
1.93323 1.84496
2.25161 1.34378
1.33819 1.73844
1.20853 0.485926
2.66177 1.13647
3.08849 2.03042
2.48005 2.24827
0.865924 1.18109
0.0710427 0.0410451
2.20068 1.18508
3.2046 1.36981
1.84407 1.22721
5.94371 0.82517
1.25264 1.47144
2.09863 0.202065
0.273758 0.683805
1.51505 0.506409
1.4895 1.14723
2.27385 1.50766
2.91584 1.74977
1.33388 1.08397
1.10218 0.428591
4.78489 2.28843
6.18221 0.789123
0.0395626 0.32875
1.95779 2.04069
0.433964 1.10912
3.65415 0.668112
1.47738 2.0003
1.66401 1.70211
3.17404 1.98832
3.04445 2.23778
2.53467 1.81739
2.86864 0.806008
2.31584 1.00578
1.62503 1.54184
2.33352 1.27291
2.59524 1.24112
1.65049 1.38605
3.42025 1.9837
0.984459 0.60161
3.04088 2.11686
2.37303 1.9314
1.77894 2.37779
3.30279 1.64022
2.11235 1.85864
0.904929 0.788895
3.20208 1.54538
0.938447 0.770938
1.65779 2.2364
0.140127 0.668779
2.27092 1.67885
2.00355 1.27284
2.6691 0.518462
2.04931 1.72771
2.34163 1.88436
2.90494 1.1633
2.57668 0.895092
1.83311 1.8096
0.829955 1.11038
1.87405 1.84722
1.50285 1.22694
2.54214 1.58118
1.84411 0.726068
2.94375 2.21687
5.77582 0.934069
0.735519 1.62189
3.40021 1.0359
4.07431 2.20804
2.32147 1.54023
0.0305461 0.33382
1.80191 1.37871
0.654316 0.998415
3.26685 1.1284
0.931467 0.443591
1.63968 0.362788
2.77206 0.613676
1.64179 1.83547
1.92393 0.905763
0.226026 0.91489
1.27222 1.5081
2.14649 1.46674
0.984421 0.161261
3.35722 2.4488
0.854102 0.556392
5.44101 0
2.31912 0.793957
0.968809 1.32437
0.714597 0.444497
3.33738 0.941831
0.931242 0.263866
2.47798 1.24244
1.76613 1.43449
2.87651 2.07601
1.93994 1.04041
2.48989 2.15781
0.0411083 0.812983
2.22315 0.742928
2.27657 2.55265
2.34927 1.11701
1.79665 1.30918
0.969718 0.558675
2.6356 1.94816
1.95667 1.13903
1.09649 0
1.01427 0
2.9422 2.3028
2.14243 1.45782
1.48345 1.04132
0.499682 0.290088
0.741016 0.498628
3.03294 2.33904
1.98949 1.75038
1.93867 1.80271
1.87707 1.16257
1.64176 0.692196
2.81967 1.82306
1.50154 0.260731
0.397112 0.659572
1.77451 0.549454
0.905801 0.8874
2.64949 1.58605
0.320578 0.313698
0.0693298 1.85057
2.11346 1.60852
0.214478 0.47988
5.59023 0.522834
0.816166 0.969478
3.32803 1.68345
1.72975 0.599463
2.79243 1.20628
1.4561 0.99078
0.50871 0
2.13881 0.908545
2.60132 1.63604
0.0258456 0.225721
1.25587 1.00152
1.4931 1.01925
0.563272 0.0705173
3.91296 2.25584
6.20699 1.29302
0.618619 0.534414
1.28527 1.85922
3.31268 1.30505
2.98535 2.56117
2.58462 1.91883
3.24105 1.18757
0.956724 0.765479
0.969139 1.16189
2.79515 1.62992
0.349099 1.04177
2.71489 1.67438
1.90102 1.01075
1.35715 1.00214
2.70922 1.83778
2.30694 1.25419
0.493091 0.349454
1.98849 1.91156
2.77165 2.03812
1.86553 1.40724
1.80924 0
6.12513 0
2.07677 1.22482
2.28421 1.16923
3.12196 1.94275
3.30828 2.00428
0.983772 0.754961
1.3017 0.282565
3.8168 2.26771
0.186964 0
1.0977 0.302504
2.67872 2.04777
1.7654 1.51479
1.54249 0.388191
2.26072 2.27951
2.48854 1.24919
1.16516 0.218447
1.95068 0.824512
1.85105 0.350464
0.0385126 0
3.05627 1.8519
1.73643 2.1205
2.34852 0.622811
2.42259 1.50847
0.135299 0.310088
6.25363 0.104155
0.77589 0.788275
2.49605 1.21124
2.79823 1.99535
1.34251 2.32555
0.604942 0.612999
1.97193 1.25648
0.584604 2.40023
1.90103 1.02479
2.51721 1.45599
2.72554 2.45428
0.296906 0.703416
1.99483 1.12442
1.23041 1.17842
1.3376 0
1.38476 0.275233
1.67947 1.25199
1.75349 1.29652
0.774219 0.747519
1.17413 0.509856
1.28574 0.795926
2.37618 1.99622
1.7851 1.05248
1.87093 0.636397
5.94166 0
1.9718 1.34096
2.57429 2.00333
1.23723 1.24738
2.1316 1.15728
0.72125 0.180458
3.02693 1.62393
1.13921 0.161755
2.28731 1.54639
1.54666 0.677942
0.601728 1.11795
1.17388 1.03032
2.43468 1.42301
2.22577 1.42608
2.7985 2.03054
2.74287 1.27974
0.477096 1.31584
2.46617 1.69128
0.97387 0.597202
2.95539 1.14987
0.38609 2.02158
3.57188 2.39713
0.56761 0
2.5433 1.71005
0.871707 1.31902
6.19831 0.906719
2.22505 1.52451
0.726911 1.26247
2.24764 0.851582
2.41255 2.06134
1.21984 0.568154
2.5733 1.94872
2.26018 2.52855
3.14587 2.03221
1.12962 0.015647
0.234637 0.481685
1.27121 1.46855
2.72841 1.94408
0.982966 0.776341
1.3222 0
0.753642 1.25545
0.909549 0.787568
6.13853 0
1.94579 1.30481
0.425761 0.77201
1.87076 1.98222
1.79548 1.24409
0.205377 0
2.61535 1.76444
2.59668 1.97371
1.8391 0.441388
2.63404 1.75129
1.77804 2.80831
2.28294 1.49104
1.27862 2.40564
0.92657 1.36797
1.09079 0.356246
1.35057 1.24045
2.90687 2.93434
1.61997 0
1.44498 1.69868
3.48429 1.94699
2.46187 1.45816
1.8564 1.15332
0.653635 1.18461
0.392989 1.26888
0.353135 0.812053
1.51986 0
2.16112 1.62642
2.39019 0.814894
5.90262 0.562718
0.425485 1.77692
0.842175 1.17659
3.18958 0.767218
1.25242 0.167238
0.880565 1.22029
3.03906 1.72255
0.42774 0.514315
0.556944 0.982293
1.89262 0.78702
2.33961 1.59151
1.75952 0.496955
6.25761 0.103398
1.78659 0.484767
0.771809 0
2.51322 1.37167
2.56149 1.98643
0.798347 1.66203
2.2641 1.55991
2.77501 2.48165
3.32562 1.55926
2.18255 2.1768
3.0173 2.39176
2.52403 2.36899
1.16296 1.21947
1.23881 0.181697
1.46145 1.01863
1.81811 1.05149
1.24325 0
2.71555 1.78724
2.02438 1.75101
0.982089 1.32043
2.46308 1.58834
0.939148 0.559223
2.52028 1.32275
1.38116 0
1.57372 0.467489
1.33892 0.292919
2.38293 1.80007
2.63979 1.61504
2.80361 2.1663
2.51646 0.976946
1.84257 2.09191
2.39435 2.73875
1.62224 1.93042
2.13399 1.46555
1.34245 0.879394
3.43587 1.7056
1.22952 1.88107
2.29833 1.97776
2.23351 0.990593
1.14793 0.609051
2.57167 1.704
3.26922 2.01562
0.10871 0.415127
1.04563 1.6479
2.41032 1.31088
2.27537 0.70818
1.78969 0.838468
1.6652 1.10407
2.74355 0.716919
2.44494 1.52147
1.30167 1.72275
0.882639 0.127456
2.06349 1.6871
1.65984 1.38476
1.13881 0.338896
3.66133 1.65572
2.35421 2.58045
1.73526 1.48331
2.07917 1.03766
0.3214 0.74394
0.645461 0.886976
1.57209 1.49373
1.30581 0.853574
0.802386 0.767325
2.30035 0.889376
0.435444 0.821461
2.59246 1.88676
0.280749 0.584355
2.31494 1.65899
2.17145 1.10935
0.283906 1.04328
0.512148 0.578112
0.596076 0.370153
2.61614 2.51509
2.32608 2.77166
2.86497 1.6772
0.534334 0.829698
3.74274 1.77742
0.249001 0.616943
1.40986 0.962723
1.55977 0.56711
2.04213 0.726671
3.28866 2.09185
0.898351 0.398349
5.93956 0.185016
1.32212 1.18404
0.893102 0.316009
2.57172 2.69558
5.583 0
1.45227 1.12422
2.21563 2.05366
1.08461 1.50464
0.27173 0.504791
0.731577 0.508338
1.02991 0.817615
0.914987 0.185072
0.0150492 0.678797
2.85888 1.7523
6.21972 0.443707
0.174755 0.422437
2.28836 1.92945
2.29055 0.574431
0.557432 0.534248
1.838 1.92655
1.41066 1.01389
0.389279 0.760124
0.747644 0.138071
0.708508 0.92648
0.911622 0.427072
1.67141 2.89032
2.54963 2.26713
1.0036 1.33408
1.91209 1.09315
2.31414 1.58932
0.641969 0.615631
2.98499 2.44043
1.26541 1.15329
0.956414 0.79666
2.78477 1.61293
2.61249 2.71313
0.6786 0.985062
0.279733 0.774562
2.59383 1.93116
0.77506 0.300831
5.61594 0.841824
0.891406 2.15154
0.922613 0.279905
6.01014 0
2.64989 1.28213
5.73803 0
0.933689 0
0.420383 0.674116
2.47785 0.924641
1.95723 0.958432
0.198525 0.381464
2.5516 1.08784
2.86882 2.44225
2.39749 2.38404
1.74911 0.9336
2.55179 1.24653
1.91653 3.02102
0.776943 1.51692
2.62658 1.71383
1.9493 1.1188
2.57198 1.70041
2.43994 1.5803
2.822 0.798404
1.49653 0
2.6028 2.65381
1.68856 0.580334
0.189227 0.747779
2.8419 1.91681
1.71306 1.64344
2.3279 1.08672
1.85421 1.94262
3.22239 1.88758
0.499385 0.109774
3.17547 1.661
1.98678 1.61963
2.89524 1.57532
2.79807 2.13874
1.86679 1.07029
0.781876 1.07919
1.64898 1.28369
2.44205 1.48649
3.09377 1.19753
2.41261 2.02528
2.31901 2.82966
0.325412 0.520429
1.86127 1.94085
0.909361 1.4931
6.2409 0
1.47802 0.724464
2.66302 2.29366
3.81223 1.76922
3.08574 2.87886
1.01048 1.30944
2.56236 1.23079
2.32406 1.91025
2.12738 2.21323
1.52798 1.7119
0.32951 1.12531
2.18839 1.31483
2.18116 1.71573
2.44463 1.51896
0.494024 0.597552
2.69996 1.94687
0.92098 1.41339
0.439712 1.58284
0.0292599 0.417712
2.76123 0.883602
0.960018 0
0.23358 0.801589
2.89106 1.98077
2.60932 1.55935
1.26935 0.567155
2.68717 1.72233
3.46374 0.849273
0.946239 1.94465
3.3125 1.14274
1.19164 0
1.3647 0.614634
0.230625 0.820279
2.24768 1.29911
2.11547 1.52441
0.227074 2.14569
2.22999 1.624
1.34944 1.37281
1.77413 1.54969
2.37866 2.28268
0.312831 0.709184
1.91115 1.28097
2.41764 1.936
3.44145 2.74429
2.88288 1.51086
1.93102 1.27781
2.25172 0.674837
2.34462 1.60909
0.112814 0.695108
1.69717 1.5213
2.23377 2.28773
0.724063 0.598484
2.55012 2.77469
1.35632 1.91516
0.948775 0.375078
2.43367 1.67551
2.2626 0.816181
2.18142 1.91588
1.6761 1.17589
1.583 0.4427
2.52094 0.458259
2.74255 1.33339
0.513901 0.644976
0.939005 0.805088
1.04216 0.483093
0.151549 0
1.67081 1.08431
1.04049 0.772769
2.28515 2.68478
0.527168 0.148861
2.49578 1.08621
1.67786 1.14467
1.02744 0.777143
2.14665 1.57473
2.95405 2.55129
2.25338 0.751717
1.81444 1.45334
1.15057 1.26759
2.72562 1.87236
0.95406 1.7805
1.17296 1.14596
0.374515 0.0380659
0.499995 1.59486
0.0230276 1.16779
1.14662 0.446904
1.82464 1.65744
0.843908 1.03371
1.68606 1.47096
0.773473 0.719487
3.08856 2.12911
0.229336 0
3.72547 2.5167
0.865313 0.618953
0.271973 0.27412
0.904385 0.255916
0.524566 0.189918
1.13065 1.62485
0.750252 1.04949
1.48511 0.670973
6.28098 0
1.68173 1.43575
0.136549 0.779495
2.19238 1.91469
3.1714 2.02643
2.27307 2.33307
2.79292 1.24454
2.98036 0.998142
0.534304 1.44695
1.37037 1.07662
1.59284 1.75766
1.82372 1.31179
1.9687 0.879303
2.92375 1.67925
1.6686 1.73964
0.24071 0.524249
1.81856 1.24704
3.17443 2.43335
6.22471 0.880896
2.17408 1.78874
2.49316 2.44093
0.191796 0.48298
3.00592 1.29787
0.457979 0.226001
3.26469 2.40657
0.382232 0.218868
2.56234 1.22173
1.81848 1.94408
0.654697 0.77344
0.110915 0.910653
0.191251 0.174354
2.81628 2.82053
3.24338 1.60669
0.400444 0.852542
3.04028 2.90521
0.608856 0.543853
2.03788 1.27273
5.36972 1.05459
0.938727 2.24019
0.884111 1.25122
3.13757 1.34039
3.45797 2.61515
1.17416 0.488571
0.689622 0
3.05205 2.16791
1.02494 1.14078
1.51304 0.218829
2.38655 2.22554
2.0013 2.74663
0.406833 0.24189
2.45772 0.954962
1.61422 2.49425
2.45712 2.15037
1.7324 0.674022
2.99819 1.77143
1.54558 0.678067
2.40426 1.2215
0.438059 0
2.77372 1.45985
3.07638 1.9625
1.72133 1.40201
2.60125 0.420159
2.1126 0.60487
1.16943 1.82074
0.618803 1.52209
0.669518 0.221491
1.4211 1.49904
0.762354 0
6.18603 1.21104
0.780087 0.588879
3.55413 1.39197
1.80455 1.26852
2.37852 0.962084
0.367113 0
2.89031 1.84891
0.536682 0
1.34204 0.679173
2.68103 2.69074
0.9958 1.67524
3.59176 1.67286
0.375444 1.10808
0.451371 1.16902
1.2734 0.630662
2.74583 2.55196
1.74861 1.03577
3.05393 1.23778
0.514767 0.330753
5.97718 0.537331
2.30211 1.08378
2.33989 1.332
6.01155 0
2.51654 0.419317
1.62039 1.10749
0.783754 1.09521
2.19109 0.787127
1.05037 1.12397
2.89958 1.40664
0.479861 0
2.21205 2.31399
1.83182 1.04822
2.06805 1.64267
2.67174 0.417409
2.46733 1.95349
2.55624 1.49774
1.40305 1.77293
5.48658 1.03492
0.682114 1.09022
1.101 0.344356
0.434966 1.09362
2.24364 2.26044
2.09279 1.50366
2.8461 1.97776
0.195453 0.731972
1.72791 0.0672005
1.39382 0.65614
0.295005 0.525136
0.86909 0.444917
0.244242 0.844995
2.4255 2.4894
2.21405 1.60655
2.41364 1.9044
0.162777 0.802124
0.713732 0.265816
2.50476 0.847477
1.88041 1.23836
1.17883 1.46005
0.433017 1.07382
1.26719 1.46807
1.69905 1.10945
1.79529 0.640278
0.399513 0.373208
1.767 0.685661
2.21886 1.15286
1.7627 1.17345
2.53957 1.58341
0.783545 0.755512
2.24193 1.05029
5.59024 0.969475
0.146939 0
0.107202 0.355426
2.20932 2.4056
2.65528 1.77293
1.84916 1.29287
3.15315 1.96403
1.53557 0.805469
2.99909 1.93319
0.449467 1.68926
0.676377 0
1.26835 0.919374
6.25526 0.664543
2.89161 1.99431
1.81254 2.23988
1.01149 0.499531
1.85556 0.688883
3.64473 1.85849
1.88243 1.50744
1.60555 0.860384
0.452695 0.851736
1.86634 2.15617
0.766094 0.657518
1.93536 0.786591
0.501602 0
1.06394 0.327068
2.73897 0.835593
1.98235 0.545028
1.28402 0
0.0506495 1.16276
1.99487 1.18114
0.675239 0
0.627159 0.434161
2.56868 2.50018
1.02112 0.453397
2.20279 2.15462
2.46089 2.09673
1.09025 0.552193
0.127016 1.64071
1.27308 1.00175
1.43692 1.23313
0.770152 1.06576
2.28695 1.74593
0.817662 0.557429
0.470766 0
2.11496 2.30035
2.80305 1.73944
0.847285 1.04087
1.46222 0.881191
1.06937 0.906482
1.7434 0.661695
1.47412 1.5781
3.52546 2.21119
0.0750614 0
1.91941 1.43555
0.574959 0.0504744
2.2332 1.69366
2.41709 1.53783
0.406772 0
2.50707 2.76256
3.34398 2.0957
1.25875 0.690365
2.04327 1.2187
0.999294 2.04862
2.56042 1.06282
0.245536 0.733663
3.57267 2.73324
0.0485722 0
2.49174 1.98241
0.152459 0
0.34139 0.153801
1.33469 1.2167
0.0577744 0
0.871215 0.964672
5.88698 0
1.53385 0.814091
0.694984 0.594296
6.02323 0
0.154522 0.689995
3.0223 1.91556
2.40827 1.87424
6.21687 0.973734
3.49303 1.83008
0.257764 0.71061
1.21311 0.308983
5.90975 0
2.78791 1.739
6.11855 0.899679
3.2115 1.84384
2.32172 0.561053
0.540517 0.0415846
2.28617 1.22333
1.49986 0.765422
0.578307 0.0682642
2.32366 1.7153
1.75344 1.56608
2.68219 1.57241
1.05964 0.700901
0.809676 0.273574
0.71911 1.03162
2.03626 0.388349
0.441797 1.4734
0.432402 0.865138
1.54495 1.56746
1.87739 1.67025
0.870096 0.627055
0.808285 0.282066
1.57212 1.44266
1.92044 1.59276
0.869788 1.86155
2.56443 1.67686
4.32788 1.63345
1.04463 1.60037
2.3469 1.29057
6.26131 0.943644
3.22788 1.42971
2.84713 2.64172
5.87066 0
0.205399 0.498417
6.03414 0.194278
3.01594 1.96505
1.8954 2.48337
2.26653 2.32189
1.05443 0.563503
1.41995 0.891245
1.02333 0.204214
1.98811 2.69949
2.62722 2.68497
2.22493 1.18287
1.55214 1.2297
1.98397 0.854626
1.56798 1.0829
1.56078 1.05626
1.02252 1.68037
2.26982 0.777881
1.74743 1.4121
1.19153 0.352974
1.75676 1.64496
2.67374 1.55057
1.73616 1.24575
2.51372 1.48119
1.07773 0.477029
1.78923 1.64232
2.36126 1.75577
0.37722 0.658478
0.0485821 0
1.01461 0.11307
6.21027 0
1.84453 0.382169
0.0179831 0.721712
0.216275 0.417541
0.996199 1.63433
2.95717 1.36814
1.21407 0.986157
1.46605 0.92494
1.01223 1.49812
1.95245 1.71768
0.180076 1.60147
1.17347 0.76281
1.89528 0.969417
0.696926 0.185703
0.989537 1.69481
1.42487 0.534852
1.17162 0.633057
1.03138 0.755273
1.06615 1.05582
2.12144 2.34462
2.62752 1.18144
3.18577 1.76709
1.1515 0.300169
1.7962 1.00271
2.17163 1.28185
0.773031 0.391093
2.36025 1.74792
2.3043 1.81496
2.26022 0.711202
5.52405 0.861127
0.551721 0.141943
1.00016 0.959373
6.12431 1.34452
1.93176 1.72303
0.287888 0.357497
0.362002 0.7083
1.11929 1.06393
2.38693 0.904152
2.26831 1.64842
0.170379 1.96713
1.00301 0.651974
1.35739 1.21779
3.358 0.985651
1.37875 0.702564
1.72375 1.82281
0.689687 0.328641
0.00609159 0.569037
2.02876 1.00593
1.47345 0.842276
1.24687 1.09282
2.7907 1.50353
1.68816 2.35671
2.69854 2.28235
1.45883 1.17531
2.52969 1.83735
3.16165 1.23739
2.66508 1.72902
3.22425 1.91589
0.00700576 0.489504
2.43103 1.31598
2.61651 2.35108
0.820702 0.624142
1.78753 1.45098
3.33907 2.19257
3.4315 1.75402
1.10487 2.04473
1.30723 1.11977
6.20373 0.242466
1.25301 1.88752
1.625 2.08353
0.880645 1.00949
2.82495 1.27774
1.97218 0.427574
0.88741 0
2.87572 1.30745
1.00987 0
1.50113 0.742434
0.37668 0.169163
2.97697 1.55017
1.10191 0.990025
1.14825 1.17725
6.27521 0.463253
1.12725 1.15105
0.935567 0.34296
0.483406 0.765263
0.959741 0.300701
1.71137 0.224131
0.758622 0.307254
0.434457 0.180828
0.233991 0.138454
1.86409 2.05633
5.99666 0.364947
2.61389 1.33701
0.681307 1.08581
0.0332589 0.175151
0.835082 1.55364
2.37795 1.48321
2.39273 1.34617
0.212622 0.0842089
3.17277 1.01284
0.0932597 0
1.77684 1.60201
3.47175 2.14957
2.72277 1.33177
2.70492 2.02708
1.91547 0.0583917
1.22733 2.02269
2.02224 0.587709
2.61868 1.4044
3.68525 2.26603
1.27782 0.696281
0.792891 1.31949
0.825057 1.22487
3.23525 1.90778
2.11201 1.77147
1.70863 1.33377
1.42856 1.34356
2.72382 2.37096
2.5427 1.84223
0.269545 0.0836209
5.85622 0.331954
1.24383 0.415386
2.55565 1.02855
1.68754 1.19492
2.80646 1.62169
1.00721 1.25058
6.20528 0.238225
1.06334 0.56855
0.349418 0
1.89683 0.904786
1.37684 1.1386
2.73877 3.14159
0.939487 0.901705
5.63523 0.483561
1.97405 0.558233
0.0462235 0.135004
2.20146 1.56781
1.58018 0.842653
3.09614 1.79699
1.97061 1.5035
2.64219 1.40494
0.275459 0
2.01494 1.64843
0.65606 0.549144
0.783755 0.571611
3.01963 0.991179
2.9066 0.72555
0.853613 1.42438
1.12643 1.49425
1.00047 0.625611
1.97659 0.799158
0.0243149 0.263453
2.14566 0.526863
0.287502 0.856415
2.4153 1.49061
0.935391 0
0.0793186 1.29334
1.50981 0.34343
2.79225 2.36878
1.5559 0.224966
2.33156 0.666267
2.53904 2.06515
2.56176 1.267
2.29496 1.73504
2.24118 1.37701
1.33638 1.67554
2.89339 1.33372
2.25262 1.42018
1.26181 2.286
5.95374 0
0.719349 0.623629
1.09884 0.52992
2.76098 1.68337
1.83534 2.2007
3.04584 1.68675
0.298937 0.847914
2.66327 0.846326
6.23855 0.0997664
0.611022 0.991351
2.53806 1.78998
1.46089 1.0564
1.26387 0.725549
2.87903 1.68773
0.73296 1.34328
1.99697 1.57277
0.442819 0
1.12301 1.42251
5.46242 0.255578
1.21955 0.40329
1.84514 0.56886
1.84722 1.36093
1.3535 1.16969
1.86602 1.48267
5.89626 0.627189
1.51973 0.979135
2.54421 1.99683
2.40687 1.67274
3.1412 0.623465
1.77091 0.457205
0.939953 0.121343
2.86342 1.56763
3.32142 2.24004
2.65935 2.03439
5.98063 0.961026
1.82931 0.949603
0.695018 0.23673
0.609201 0.78613
2.5495 1.32876
0.619274 0.98508
0.649566 1.02742
0.62386 0
2.33358 1.25021
1.76122 0.517879
2.14361 0.796374
2.53796 1.16901
0.26668 0.564583
1.14535 1.19237
1.10613 1.04657
1.74282 2.27323
0.911148 0.249996
3.76602 1.79796
2.97476 0.905598
2.74892 1.73565
1.04755 0.722879
0.557767 1.29886
6.14596 1.33044
0.991711 0.381668
6.21369 0.385729
1.37425 0.456668
2.59314 1.92478
3.02981 1.32543
1.7291 1.31172
0.215505 0.47708
0.632288 1.20022
0.882846 0.451179
1.16447 2.21989
0.142872 0.805929
0.721314 0.325381
2.21772 2.42193
1.27775 1.18986
0.339841 0.714614
2.47279 0.734828
2.27615 1.10939
0.689805 1.25489
0.68996 0.27706
2.50487 1.38404
0.693056 0.568003
0.579539 2.5216
2.24515 1.11755
1.3869 0.225355
1.67372 1.98767
0.889203 1.36442
6.22793 0.488892
1.00396 0.346049
1.09139 0
2.74244 2.51936
1.35873 1.19711
2.87929 2.08665
3.00924 2.49365
2.60715 1.29441
2.07297 1.12656
0.636814 1.44168
0.801559 1.33976
1.61601 1.33316
1.00296 0.632585
0.174914 0
2.1387 1.85912
1.06896 0.579909
0.360917 0.74017
1.59191 0.365086
3.5474 2.0332
2.44896 1.96095
0.320228 0.861918
0.248911 1.79658
0.946751 0.00054232
0.95708 0.0250012
2.60715 1.34264
0.764238 1.32922
0.733536 0.731789
2.43619 2.03042
0.039252 0.944802
0.411008 0.652042
0.584353 0.305068
0.538915 0.00199832
1.39818 1.27414
5.64642 0.624678
6.2707 0.437471
2.86924 1.22057
0.81745 0
2.70855 1.68037
0.17323 1.09876
2.3043 1.75575
1.04869 0.907003
2.82311 0.96257
0.467198 0.266207
0.34893 0.53884
6.24503 0
0.689536 0.784822
1.78492 0.820536
0.605213 0.726368
3.76123 1.77063
2.08647 2.10115
3.70935 1.87826
2.33676 0.575306
0.489283 1.72969
1.5387 1.92456
2.11263 0.561892
1.47814 1.59247
1.98238 1.32881
1.60679 0.719655
0.307945 0.164107
2.22002 1.21366
2.6061 1.78994
1.58533 1.33219
1.69764 1.64344
1.59686 0.621829
1.0746 0.646759
1.27657 0.714462
2.83234 1.7664
0.643573 0.745289
1.39282 1.42461
2.52786 3.14159
0.0835153 0
1.44964 0.435309
0.813793 0.549946
1.92677 2.12591
3.35653 2.36868
2.29221 1.65878
2.11334 2.04926
2.19 1.35592
2.50359 0.93659
5.79901 0.386906
5.85783 0.119005
2.73818 2.11938
1.15064 0.848122
1.10793 1.5052
2.09135 0.852448
1.89618 2.14184
0.954445 0
0.483895 0.0905755
1.72816 0.449824
1.86139 0.777469
1.19717 0
2.19636 0.842074
0.84178 1.11842
1.62057 0.594362
1.25626 0.366559
0.809767 1.80469
2.55146 1.77518
2.41347 3.14159
1.99285 1.45693
1.549 0.536598
2.78077 0.761608
0.950009 0
2.81424 1.72068
3.95086 1.66027
1.9809 1.10957
1.91716 1.26783
1.55383 1.06363
1.4906 0.767889
2.55935 1.86178
1.74957 0.516806
1.17975 0.766148
0.395447 0.607271
0.789392 0.663362
1.47318 1.52576
2.23399 1.10434
2.95468 1.58025
2.86634 1.01968
2.67669 1.41888
1.87661 0.916328
2.37921 1.89234
0.55691 0.533377
1.38856 1.06869
1.65176 0.729192
1.78573 1.3572
5.93223 0
0.416738 0
0.570532 0
2.69157 1.58376
1.52986 1.82
3.31796 2.72334
3.05928 2.46908
1.68194 0.904523
1.16008 1.13229
6.02217 0.219267
2.01301 1.58661
1.79016 1.31801
1.79518 1.25189
0.902122 0.379318
1.40048 0.227922
3.76557 1.23974
2.80715 1.04806
1.94402 1.76899
0.857438 1.22381
0.207623 0.821713
0.440836 0.0449336
2.12733 0.644836
2.91272 1.24003
5.85839 0.668034
5.95413 0.538807
1.31674 1.99535
3.21474 1.42572
2.42696 1.43781
2.15795 1.40838
1.88015 1.59535
1.45443 1.06533
2.7195 1.32833
2.60256 1.38784
1.53331 1.77115
1.77533 0.95345
1.67791 0.609086
0.828838 0.609489
1.29777 0.802179
2.62055 2.49565
1.9997 1.323
0.40325 0.385497
1.94205 0.990422
1.60879 0.862093
2.10347 1.71695
3.649 1.37057
2.18751 1.63241
1.26391 1.13863
2.95605 1.58446
2.89287 1.69632
0.940655 1.14056
0.983085 1.03566
3.0841 1.64817
2.42942 0.962929
0.066254 0
0.712588 0.861695
1.50639 0.270556
0.628701 0.807064
0.391282 0.865083
1.26428 1.21106
3.02423 1.67283
1.63132 0.248495
1.10661 2.08616
1.85119 0.605643
0.735608 1.55448
2.16379 2.82275
2.47775 1.3688
0.655561 0.135904
2.88408 0.524616
1.36472 1.52388
2.81213 1.73958
1.14147 0
0.846205 0.863488
2.23169 1.73067
6.00227 0.606645
1.33687 1.29296
2.12142 1.58847
2.35547 1.47706
2.21889 0.89236
1.94954 1.02956
0.856531 0.154165
1.56077 0.185352
2.9739 1.31243
4.4833 1.18383
0.816304 0.88019
1.12523 0.644989
0.455422 1.35039
1.08266 0.282532
1.02156 0.230175
1.30113 1.62206
2.70221 2.75382
2.18922 0.82637
3.20781 1.53468
6.15297 0.827881
1.09058 0.154853
2.08463 0.829503
0.096955 1.24931
1.7457 1.85096
0.78617 0
3.20292 1.6916
1.42825 0.999059
1.34068 0.77226
0.75775 0
2.58966 2.35776
0.59861 1.4258
2.0784 1.94852
2.28089 1.21862
2.68628 0.381128
2.8354 1.1641
2.31881 1.53024
0.782964 1.29591
2.11534 1.80427
1.06185 1.48927
0.929957 0.705174
2.33727 2.2677
0.513851 0.238423
2.03287 0.478585
5.84504 0
0.164986 0.916554
0.841986 1.38663
2.47374 2.3621
3.34091 1.31765
1.68822 1.07209
1.64694 1.13969
2.5095 1.00562
0.89146 1.42927
1.45381 0.958098
0.0855685 0
2.66755 1.49736
3.53884 1.64502
2.65803 2.17885
2.74626 1.54054
2.48157 1.9204
1.4136 1.70312
2.67206 2.67823
5.92294 0.502911
3.40663 2.10887
1.02355 1.14539
1.88677 0.381191
6.15706 0.306421
0.374576 0.101203
0.120582 0.0814537
2.64037 1.6587
1.8332 1.01492
2.41008 0.605582
1.55919 2.06488
0.751889 0
2.64589 2.5587
1.33666 1.78121
0.133991 0.551745
1.64552 0
0.197904 2.04653
2.24245 1.99513
0.909742 0
0.0613899 0
1.36196 0.556394
0.300796 0.482926
5.84586 0.686083
3.98943 1.74416
2.59572 0.277224
2.25657 0.850082
1.94796 2.6079
0.581582 0.598735
3.56731 1.45847
2.0374 2.60138
0.010373 1.09931
6.15367 0.425589
0.191709 0.362061
2.29223 0
0.453303 0.565477
1.083 0.406378
0.0148521 0
3.89787 2.42709
1.68745 0.240546
0.846183 1.15284
0.0179488 0
3.32019 1.60923
1.29436 0
3.05466 1.69859
1.59564 1.96449
1.1207 1.50458
3.03163 1.84578
1.49762 1.44718
2.59433 3.02065
1.84519 0.544191
1.25101 1.28862
1.12471 0.861685
0.925996 0.631919
0.753405 0.677928
0.726962 1.2676
0.751666 0
1.34634 2.02486
2.03919 0.973348
1.32359 0.232937
1.97584 1.02058
0.67185 1.15364
0.348162 1.19588
2.27856 1.82538
0.531083 0.3151
2.32052 2.09921
2.10579 1.61881
0.477365 1.0697
2.49007 1.72893
1.0557 1.7081
1.87907 1.8416
2.40331 1.95476
1.95246 1.43979
1.72228 2.42697
1.46233 1.80623
1.1911 0
1.24688 0
0.767167 1.01586
0.719483 0.107795
0.903233 0.512937
0.421684 0.310223
1.43328 0.985587
2.32849 2.11405
1.31298 0
3.35865 1.84489
2.3692 1.49229
0.797337 0.735616
1.16856 0.870911
0.397731 0.0933797
2.13078 0.416396
5.85373 0.910562
2.2459 1.6449
2.00228 0.828129
0.488348 0.628472
2.37362 2.2729
3.69383 1.90141
2.60739 1.53798
2.07136 2.40015
0.776087 0.573196
0.597344 0
2.00851 0.909676
1.56817 0.604711
3.13272 1.45527
1.64662 1.45266
0.328324 0.378303
1.7774 1.3137
6.14676 0
3.07145 2.21684
0.541814 1.21605
0.650612 0.355061
2.87214 2.5326
0.00623657 0.967007
0.697853 1.29835
2.68533 0.855117
0.904934 0.89045
3.21497 2.848
1.11618 0
0.24029 0.112615
1.90883 0.789917
0.356057 0.351096
1.60261 0.36593
1.46947 1.57017
3.27666 1.44166
0.605579 1.46365
3.11487 2.63312
2.20965 2.76075
2.03525 0.639664
3.13514 1.79519
3.17855 2.01686
2.9582 1.35307
0.767317 0.765301
2.29006 0.521691
3.30114 1.99025
2.45883 1.74009
2.26846 1.97826
2.41647 1.79137
0.994729 0.343856
0.959458 1.17082
1.38574 1.52584
2.18375 1.63246
6.21894 0
2.08446 1.68574
1.63995 1.41326
2.14572 1.34588
2.17174 1.61705
1.43679 0.69764
0.928952 1.15142
0.552619 1.28435
1.73929 1.571
3.10789 2.4055
1.98811 1.20366
6.20558 0.746294
6.2589 0.146563
1.1072 1.35817
0.667613 1.03566
1.4255 0.332931
2.95004 1.52611
3.12663 2.15281
0.895339 0.743939
2.89905 2.07712
1.03403 0
2.41747 1.27416
1.80087 1.32308
2.1879 0.927388
2.29096 1.54894
1.68437 0.856624
2.53412 1.92539
0.53766 1.13735
0.672028 0.67175
2.58003 1.32302
6.25336 0.049548
3.51539 1.56161
6.22347 0.0638679
1.31136 0.479088
1.5666 0.761539
1.50085 1.35161
0.176567 0.725913
0.679627 0.769213
2.12972 1.57319
1.83589 1.08842
1.16184 0.913725
0.0674728 0
2.5689 1.31789
0.44661 0.679089
2.22544 1.91277
0.208443 0
1.00188 0.215606
2.47487 1.05006
2.54988 1.72723
0.75898 0.630646
1.23275 0.393542
3.12046 2.98497
0.858727 0.447004
2.77924 1.42028
0.579196 0.0751196
2.32314 2.05968
1.71375 1.54959
0.413623 0.712762
0.576439 0.486165
0.494725 0
0.929477 0.34381
1.76017 1.0181
1.86273 2.313
1.52385 1.50481
0.586632 0.617848
1.834 1.24009
2.99411 1.55756
2.91433 2.73778
1.08733 0.383341
0.581675 1.4064
1.08777 1.39816
0.0164456 0.363218
2.16705 1.15462
0.129968 0.380143
2.73935 2.16205
1.9769 1.19703
1.15562 1.96529
6.18275 0.701123
1.83396 1.35687
0.36759 1.51647
6.21848 0
3.11927 2.21799
2.818 1.6055
0.519725 0
3.37536 1.54574
2.18706 1.67336
0.285193 0
0.835497 1.38544
2.28796 1.51369
1.54173 0.662572
1.09729 0.329768
0.89257 0
0.670922 0.278408
3.29635 1.19893
3.24547 1.88159
0.111447 0.989491
2.43952 0.540772
1.13127 1.3018
2.83876 1.85149
1.69924 1.82616
2.27729 1.35943
6.03592 1.17434
3.00856 2.02856
1.11746 0.624917
0.970817 0.806578
1.54918 0.753971
2.69833 2.08351
1.67255 1.02203
1.09937 0
2.50218 1.55196
2.83757 1.94788
0.177748 0.377006
2.05589 0.602266
2.85443 0.921784
0.339656 1.2179
2.74156 1.35931
0.233504 0.927537
6.092 0.750469
1.49897 1.85405
2.34937 1.7382
1.97671 2.20819
1.42056 1.16851
0.0540424 0.0710539
2.82859 2.00415
0.451852 0.865972
6.27598 0.581675
2.20257 2.16923
1.25655 1.81255
1.56499 1.3637
1.58678 0.306581
1.95624 1.59064
2.11928 0.831287
6.13111 0.558325
2.12147 1.02527
2.72432 1.82955
3.40346 2.1621
1.50585 1.61519
2.77413 0.796111
2.05919 1.93553
1.04437 0.49136
0.339218 0.0179482
6.26531 0.327953
2.24101 1.0797
2.47882 1.74284
0.217456 1.14779
2.91183 2.79126
1.22502 0.726027
2.61511 1.26697
1.92318 1.90696
1.53357 0.826337
5.75756 0.337541
0.845749 0.065863
1.56221 0.7146
2.11618 1.0208
3.43049 1.19553
2.80263 1.93731
2.76113 1.40709
0.817254 0.101998
2.58838 1.56025
0.329201 1.32632
0.490148 0.540537
1.86881 1.47639
3.30052 1.4086
0.760081 1.21609
2.78768 1.55566
2.26914 1.43123
1.30895 0.438045
0.668644 0.870746
2.65368 1.69593
1.04528 0.894431
0.00730093 0.194347
0.328708 0.375047
2.8083 1.49984
0.674491 0.452018
0.793524 0.809774
1.38933 1.65178
1.00467 0.668797
2.95527 1.89119
0.157697 1.23102
3.07534 0.651545
1.41199 0.924264
0.292083 0.864079
1.41958 0.369961
0.785461 0.690891
1.32184 1.08335
0.684693 0.417991
3.17556 1.864
3.53215 2.79856
1.26729 1.2638
0.581958 0.690667
0.108081 0.447016
0.50907 0.321478
3.05306 2.37824
3.20821 2.53793
0.446332 0.44209
1.46733 0.765789
5.57679 0
1.44383 0.389636
0.786573 1.29028
1.4454 1.79723
2.35056 1.63719
0.596804 0.64432
0.848248 0.490063
5.70708 0.972615
0.771035 0.729644
2.24298 1.04753
2.5475 1.01516
0.604521 0
2.88086 1.96562
2.39224 2.39067
1.01236 1.52478
2.53486 0
2.52633 1.9519
1.87001 2.93631
3.11235 2.08903
3.18903 1.81109
1.7266 0.190056
2.77571 1.47307
0.577841 0.235878
2.78631 1.97304
2.27554 1.44075
1.77678 0.857742
1.38172 1.34786
0.25783 0
1.10348 0.0101078
0.732906 1.05681
2.13385 1.48001
2.65604 2.01711
2.18272 2.15644
1.29401 0.760238
2.83773 2.45631
1.69708 2.55219
0.980349 1.05794
2.65118 1.36458
0.413468 0.826334
5.05137 0.76068
2.39951 2.24077
2.75412 2.83451
0.779293 0
1.46256 1.06168
2.4331 2.0329
3.90906 2.46723
0.605332 0.882154
5.74918 0
0.52663 0.618184
0.474909 0
1.15577 0.583396
2.37964 2.78049
2.28357 1.99148
2.04507 2.04087
2.45345 1.99653
2.26925 1.19979
1.48911 1.63802
0.240757 1.41241
2.6806 2.32538
2.05738 1.05046
1.6852 0.39329
2.37246 2.05341
2.24059 1.44112
1.63751 0.497994
6.17007 0.676731
2.22274 1.22737
5.72065 0.430056
0.422035 0.0280664
2.46535 1.86996
2.97404 1.49985
0.542046 1.04091
2.19167 2.13627
2.54252 1.07062
1.05566 2.12642
0.898489 0.249194
2.34033 2.40373
1.5924 1.00661
1.47088 1.3105
0.443774 0.238885
0.848898 0.678584
1.75598 2.16519
1.98143 0.773828
2.58902 1.22939
2.51105 1.47572
3.0859 2.179
1.69916 1.80046
3.31798 1.59043
1.88105 0.665232
0.58251 0.0471452
1.08975 1.03878
0.347299 0.544074
2.54974 1.80239
2.76165 1.85713
2.63493 1.63889
0.44372 0.134261
2.14903 1.4928
1.91281 1.3949
1.06934 1.18529
3.58042 2.55736
3.43136 1.47546
3.53612 1.61242
2.86607 1.46822
1.8479 0.955089
0.361593 0.625858
2.81111 1.33114
2.26119 1.99999
6.01414 0.133052
2.40106 2.19334
1.37403 0.0957148
1.97068 1.94498
0.564969 0
3.87516 2.56361
0.194008 0.492058
2.02943 0.790015
1.29543 1.88649
0.878634 1.45802
2.57 1.75485
6.14954 0.150346
2.08917 1.28925
2.98645 2.74403
3.39643 1.54515
0.244073 0.00944796
6.11113 0.532299
2.71122 1.30622
1.22968 0.527709
1.20488 1.8343
2.84229 2.33546
0.938522 1.42287
1.25437 0
1.08245 0
0.703869 0
0.384468 0.869368
2.46682 1.00724
3.03952 1.58343
1.11537 0.672205
1.61475 1.26855
2.16093 1.48468
1.91771 2.58273
0.558994 0.106855
1.48615 1.584
3.56333 1.12043
1.17626 1.45728
0.685178 0.229179
0.962843 0.56604
2.92052 2.30824
1.79362 1.79283
1.3363 0.791987
2.33009 1.55033
0.50436 1.75889
3.44873 2.24077
2.87987 1.25824
1.29401 0.911147
2.53577 2.16523
6.00735 0
5.83447 0.791205
1.58521 0.51752
2.43663 1.63776
2.33805 1.85422
0.922979 0.806736
0.669754 1.54073
0.898653 1.40698
1.45281 0
3.11279 1.22518
1.41246 1.14254
0.600647 0.0355305
1.01587 0.796786
1.64001 0.345497
1.68151 1.11107
2.6817 1.15034
0.852635 0
1.51285 1.41057
1.63305 2.00634
3.66385 1.42034
2.72941 1.72925
1.00897 0.879184
1.31443 2.372
0.888321 0.462796
5.25081 0
2.43583 1.66816
1.32847 0.267819
1.49535 0.806761
2.57853 1.41194
0.22982 0.759054
1.78645 0.628335
5.91815 0.75768
1.57904 0.067074
2.12953 1.23713
5.84487 0
1.86372 2.19127
1.18886 0.82462
6.12175 0.257062
3.45501 1.72904
1.08719 1.52958
6.27891 0.0980331
0.407729 0.235987
6.12873 0.682372
2.77459 1.76868
2.36092 1.88471
1.07187 0.114988
1.16052 0
2.64238 1.05515
0.364163 1.58761
0.892497 0
1.35279 1.52767
1.88245 0.317024
1.58229 1.34685
1.75235 1.44303
3.22466 1.57217
2.0532 1.40687
1.62378 0.358618
2.07972 1.50471
2.23078 1.77212
2.70301 2.59525
0.559302 0.350042
1.63557 0.935323
2.91075 1.62447
3.19871 1.95139
2.01982 0.906548
1.91035 0.667014
0.86176 0.21778
0.598588 0.494483
1.73298 0.680102
1.09129 0.732701
0.0438302 0.781769
0.563046 0.548231
1.01244 0.671096
2.80558 2.03665
2.96866 1.11302
1.17486 1.42406
2.60802 0.935715
1.78719 1.79621
3.20421 2.65112
2.70326 1.35974
0.888908 0.614934
0.358302 0
2.0679 0.833684
0.469743 1.57739
3.72099 2.66794
2.52254 1.59233
0.815585 0
2.51992 1.47997
2.25217 0.920279
2.31214 1.67898
3.04503 1.42774
3.38959 2.68639
1.06081 2.1217
2.40418 1.01557
0.783959 0
1.01216 1.72401
0.47309 0.609697
1.46639 0.530973
3.10662 1.84838
2.94214 1.63628
2.06555 0.841148
0.65363 0.403805
4.69198 2.30244
2.9138 1.03831
1.7638 0.894431
6.22425 0
0.0506097 0.832002
0.898893 1.36218
0.574033 0.545416
0.0968641 0.0941742
2.39112 1.53938
1.44465 2.5422
2.04724 2.14364
2.53549 1.5161
0.730971 0
1.86867 1.17431
1.28194 0.355892
2.19614 2.14615
0.376027 0.514772
0.225906 0.201954
0.964937 0.593541
3.1635 1.83672
1.31659 1.57662
3.31591 2.25196
6.12466 0.911975
3.64832 2.59253
3.07748 1.5588
0.529684 0.222796
0.625076 1.13306
0.829775 1.01615
0.571017 1.15103
0.997966 0.553768
1.24671 0.757489
3.27874 1.63478
1.8168 1.59435
2.55731 1.59267
1.37047 0.997514
3.13001 2.91615
0.12793 0
0.944944 1.49951
2.38417 1.11472
6.10033 0
0.537303 0.594126
0.907732 0.286276
1.44125 0.608148
1.80638 1.22331
0.890679 0.504984
0.0218437 0.288565
1.12483 0.119455
2.7444 1.3689
1.30654 1.07978
2.67258 1.77919
1.94988 1.64569
2.06525 2.52493
0.905196 0.148162
2.54135 0
2.38433 1.49062
3.75061 1.71739
0.449531 1.17439
1.97762 0.395073
1.89726 1.54381
0.587406 1.10245
2.8371 1.89663
1.24744 0.731239
1.02424 1.25998
2.8562 1.559
0.486365 0.97503
2.857 2.44361
2.43377 1.70995
2.21468 1.33213
1.01918 1.87071
1.03858 0.548604
1.82147 0.904058
2.0329 1.31109
1.70115 0.399529
2.34945 0.912915
1.08397 1.46864
3.27371 1.85295
2.66778 1.42362
6.01847 0.543978
0.519613 0.630812
1.40723 0
2.21924 1.87046
0.863686 0.460167
5.42235 0.438102
1.76598 0.975774
5.06851 1.24295
5.90269 0
0.805206 0.880978
2.69845 1.53396
2.51448 1.37852
0.866567 0.860509
2.9921 1.84725
2.39038 1.66438
2.06322 1.58999
0.339072 1.26243
0.666338 0.360045
2.05617 1.98332
1.78762 0.669584
1.25864 1.18497
6.14273 0.758779
2.02771 1.1576
0.331345 0.457052
2.18385 0.102993
0.832012 0
1.5654 1.10721
1.95252 1.08796
0.722178 0.398415
3.27493 1.70654
0.303218 1.42704
2.86821 2.04538
0.702687 0.185996
2.67452 1.62541
3.29531 2.16918
3.87529 1.27506
0.502106 0.613643
2.15244 0.970076
2.5639 1.72847
1.6089 0.731868
0.17802 0
1.18739 1.5145
2.8618 1.71024
1.18878 1.02941
1.37158 0.943535
1.27759 0.62998
0.447194 0.315408
1.65071 1.76775
0.567608 0.275676
2.16724 1.41661
0.281991 1.09573
2.44157 1.62453
1.1701 0.0800871
0.587241 0.84111
1.48039 1.65371
1.75048 0.378879
1.80031 1.85685
1.22509 1.35716
0.21426 0.184389
3.02169 1.99657
5.47986 0.449713
0.682016 0.398513
1.83323 1.47671
1.96492 1.39759
2.38943 1.80143
1.19871 1.85394
2.42253 1.8645
1.13373 0.535525
1.58272 0.744633
1.07706 1.22317
3.97586 2.04448
1.12929 0.643826
3.12193 1.70724
2.12565 1.70934
0.998033 1.61609
1.92562 1.92988
1.67747 2.11595
0.893865 1.1078
0.701127 0.381623
6.00192 1.50646
2.2911 0.778773
2.88621 1.57212
6.08716 0.425817
0.22434 0.199977
1.11033 0.971749
2.13826 1.5178
0.838178 1.59918
1.04474 1.91073
2.09109 2.26324
1.96674 1.12024
0.554333 0.498538
1.8285 1.76788
1.7155 0
0.606004 0
1.63323 1.22394
2.51774 1.76071
0.752753 1.19333
1.16917 0.839059
1.15276 0.625259
0.725484 0.827664
3.49492 1.54916
0.267697 0.826536
0.350749 0.61651
1.62609 2.11691
0.209598 1.28023
1.2826 1.5311
0.358896 0.74701
1.43843 1.56806
1.96937 2.04537
2.77507 1.11251
0.664387 0.669402
0.599694 0.294606
2.22037 1.19387
1.23119 1.01609
2.20443 2.32333
1.32798 0.380077
3.1113 2.13443
2.22248 1.02561
2.9416 2.37871
2.22331 1.87044
0.773725 1.35324
2.27591 2.80193
2.36558 1.5407
1.6922 1.86606
0.913755 0.69635
0.87762 0.136621
1.62261 1.83578
0.372861 0.157465
2.81656 1.58497
3.28247 1.5573
5.89849 0.0695962
2.36904 1.94806
3.13537 0.998609
2.33407 2.04794
1.87235 1.34239
0.298406 0
2.30719 1.36281
2.48214 1.2285
1.83965 0.715254
0.727519 0.0700089
1.53562 2.37489
0.721792 0.893879
3.36684 1.50515
2.99261 1.15647
2.05205 0.709351
1.43952 1.09418
0.402951 0.527535
2.58159 2.85877
2.60981 1.61123
1.1887 0.850958
2.44612 1.32552
2.68713 2.12269
1.38413 2.33863
0.0853699 1.14839
2.19532 0.834759
3.17675 1.64321
1.291 2.0142
3.04078 2.58279
2.44648 2.34455
2.36587 2.24516
2.40166 1.59137
1.35103 0
2.15008 1.24853
1.1112 1.42436
1.16697 0.516704
1.16239 1.1159
2.86214 2.142
1.84806 1.20678
2.26136 1.83657
1.28328 1.14462
0.554073 0.738027
1.10838 0.470731
0.0858655 0.122979
1.64413 1.56536
0.882717 0.393113
6.20046 0
2.64589 1.83364
2.09325 1.68319
1.85526 0.574054
0.977938 1.94045
1.49019 1.16065
1.90472 0.976718
2.63472 1.44046
0.138024 0.711538
2.52727 0.997468
3.05233 1.74988
0.0271902 0.524352
2.37679 1.38589
6.12226 0.517969
3.10924 1.15271
2.26842 0.580264
5.8767 0.65125
1.93137 1.8573
1.4243 1.54704
1.73043 1.63201
1.37724 0.494284
1.57229 0.598174
1.02181 0
0.934694 0
1.81303 1.49911
3.81256 1.09665
1.05335 0.275213
0.929838 0.231352
0.0842471 0.43274
0.538601 0.957254
