2.93193 1.82554
2.67485 1.44058
3.17005 2.13839
2.42312 1.0947
2.84908 1.70322
2.39502 1.0834
2.01536 0.527645
1.84468 0.311942
2.73051 1.52777
1.99732 0.486478
2.07914 0.572837
2.72967 1.53218
2.8549 1.71911
3.07296 2.0211
2.27468 0.906803
1.91475 0.378668
2.3452 0.979079
2.46557 1.17276
3.15837 2.1613
3.04594 1.98873
1.98785 0.480036
2.0964 0.62544
3.04131 2.00881
2.90037 1.77686
2.27325 0.890962
2.41851 1.09923
3.12477 2.09332
2.211 0.824456
1.92538 0.426558
2.11628 0.685475
2.60958 1.35282
2.48101 1.19203
2.88948 1.76864
3.18287 2.18027
2.22668 0.828742
2.21793 0.851245
2.49171 1.21188
3.05719 2.01781
2.6789 1.46685
3.18339 2.18891
2.44629 1.14495
2.5676 1.30147
3.15372 2.14051
1.84797 0.290519
2.94317 1.81038
2.55938 1.31095
2.9176 1.78495
2.0974 0.629876
3.20105 2.19595
2.05531 0.577925
3.04645 1.97484
2.45538 1.14728
3.16823 2.16872
2.03621 0.584008
3.0915 2.05178
2.50742 1.19789
2.99138 1.92207
2.48268 1.18082
2.33037 0.957537
3.16825 2.14827
2.91531 1.8066
2.18633 0.775689
2.37932 1.03887
2.80392 1.64316
1.93199 0.446914
1.7979 0.208485
2.68911 1.48189
1.98685 0.477802
2.49039 1.20368
2.3065 0.927701
2.67556 1.45024
3.01928 1.92852
2.22097 0.798836
2.46072 1.16332
2.65834 1.4178
2.40104 1.08948
2.11951 0.694968
2.84825 1.72966
2.08226 0.621413
1.9185 0.407718
3.14307 2.12053
1.89553 0.359245
1.83929 0.274887
1.80918 0.254313
1.88116 0.297826
2.87382 1.75008
2.85977 1.74109
3.17186 2.12791
3.16833 2.14581
1.99156 0.504756
3.19363 2.18265
2.21369 0.800867
2.98597 1.87217
2.89128 1.76495
2.31878 0.967116
2.41115 1.10985
2.41974 1.09068
2.85962 1.72888
2.59204 1.3282
2.50617 1.25806
3.1966 2.18933
2.20992 0.834559
2.72174 1.51085
1.98091 0.496439
1.94024 0.432188
2.12626 0.712389
2.19753 0.800628
1.90833 0.360698
2.33414 0.991272
2.53095 1.25338
2.81954 1.67065
2.69867 1.50506
2.65143 1.43706
3.1982 2.19021
2.18934 0.802752
3.17738 2.18033
2.97423 1.88484
3.00167 1.93313
2.00858 0.532946
2.83433 1.70254
1.81305 0.263008
2.78659 1.63792
2.74202 1.55595
3.07173 2.01972
3.14226 2.10033
2.34062 0.997887
2.52849 1.24447
3.1228 2.08469
2.86008 1.69803
2.71571 1.5235
1.85638 0.306633
3.10164 2.07068
2.78749 1.60749
2.53317 1.25783
1.85473 0.29201
3.19185 2.18504
2.47117 1.18333
2.61741 1.38018
2.90581 1.75323
2.86722 1.72653
2.54861 1.27881
2.60434 1.35951
2.93678 1.8214
1.90494 0.385999
2.84684 1.69911
2.47213 1.17429
1.78747 0.224614
2.9066 1.79772
1.88517 0.382276
2.63991 1.38496
3.01228 1.93662
2.4951 1.2136
2.43198 1.12214
2.27028 0.861579
2.24306 0.844154
1.87104 0.311259
2.29008 0.913262
2.72501 1.53863
2.3216 0.958391
2.55086 1.29149
2.43137 1.10468
2.48097 1.17107
3.11094 2.09141
3.03681 1.94889
2.90519 1.79012
2.78974 1.62984
1.93493 0.430397
2.74408 1.52306
2.10934 0.664891
2.28164 0.892251
2.47226 1.15755
3.19709 2.14606
2.06082 0.580803
2.98343 1.88347
1.96312 0.439563
2.75042 1.58856
3.07248 2.04826
1.95635 0.456841
2.04675 0.553817
2.4899 1.13789
2.61494 1.37459
2.85512 1.68842
3.16797 2.15107
2.56374 1.2969
2.64723 1.41288
1.81655 0.244452
2.98153 1.89223
2.74714 1.55324
2.28303 0.899657
2.76474 1.58118
1.94 0.435043
2.00393 0.542157
3.05517 2.013
2.35368 1.01674
2.41727 1.08212
2.14231 0.703448
2.87906 1.75079
3.20222 2.18858
3.16961 2.14643
2.31354 0.959155
2.75018 1.55917
3.08493 2.05003
3.02353 1.96339
2.72622 1.50739
2.00848 0.531244
2.19178 0.79658
2.21636 0.804236
2.64251 1.4185
2.04103 0.57518
2.21406 0.803571
2.8344 1.66973
2.12711 0.709418
2.44559 1.14894
2.98086 1.85686
2.51731 1.24719
3.022 1.96603
2.0362 0.558254
2.89277 1.79107
3.13874 2.11941
2.53454 1.26023
2.62533 1.39521
2.2243 0.80243
2.76935 1.56578
2.02196 0.522251
2.44674 1.14858
2.54887 1.28001
1.80205 0.240908
2.79216 1.64132
3.12796 2.07075
2.31363 0.951098
2.03072 0.570824
2.65772 1.43636
2.26361 0.844971
3.09721 2.04558
1.94357 0.411609
2.01749 0.538923
2.34075 0.986197
2.58494 1.36357
2.89528 1.76927
2.10273 0.656286
2.03601 0.546261
1.81206 0.250262
2.9707 1.89336
2.62671 1.39339
1.83864 0.301901
2.14775 0.706912
2.19214 0.778773
2.5584 1.2798
2.39495 1.07926
1.78443 0.20743
2.83775 1.65948
2.40208 1.0482
2.25481 0.880106
2.25499 0.893676
3.06474 2.00471
2.85505 1.71293
2.75609 1.59423
1.99884 0.522437
2.46791 1.18206
2.35651 0.998259
1.80641 0.224879
3.1818 2.18897
1.98815 0.492062
2.53809 1.25702
1.78068 0.219326
2.54996 1.28754
1.98841 0.490646
2.88357 1.75116
1.8263 0.257297
2.12089 0.676958
2.38836 1.03476
2.09155 0.628991
2.98377 1.86367
2.42499 1.12766
2.38187 1.02413
2.08848 0.643772
1.9753 0.50152
2.51732 1.22278
1.96289 0.472696
2.96692 1.91247
2.06749 0.593644
2.78517 1.65019
2.71153 1.50794
3.18299 2.16333
1.84445 0.287045
2.09784 0.654619
2.70466 1.49286
1.99207 0.48618
3.08824 2.0654
2.55776 1.28042
3.20004 2.19239
2.19781 0.781881
2.27528 0.876965
2.50715 1.22237
2.88112 1.76388
2.54985 1.27276
2.557 1.30074
2.72555 1.53067
2.03282 0.542485
2.10539 0.675688
2.15537 0.745335
3.19399 2.19711
2.75166 1.56487
2.52835 1.256
2.69485 1.48583
3.05901 1.99613
2.30474 0.922952
1.88204 0.356633
2.20884 0.80002
3.00894 1.99074
2.07141 0.618845
2.3651 0.996392
2.08586 0.631082
2.99894 1.90519
2.33446 0.949388
2.57583 1.30768
1.89627 0.370447
2.84829 1.71413
2.55666 1.29432
2.89093 1.7715
2.73274 1.52664
2.34011 0.956404
2.48153 1.17784
2.08777 0.661673
2.80426 1.6874
1.81163 0.228366
2.9616 1.89226
2.70653 1.51982
2.31479 0.963216
2.41206 1.08604
1.97623 0.452774
2.38366 1.04382
2.24963 0.881628
3.0475 1.96571
2.03011 0.581312
1.86492 0.319764
2.45711 1.18004
2.22563 0.848888
2.47404 1.18149
2.82474 1.67852
2.24561 0.835214
2.10498 0.623301
2.72001 1.52215
2.53138 1.26487
2.35917 1.03092
2.20525 0.795981
2.26435 0.863018
1.9934 0.490706
2.03439 0.556581
2.1011 0.64074
3.00515 1.92129
1.77618 0.197484
2.31564 0.958348
2.85114 1.7255
2.51618 1.23896
2.50407 1.20479
1.88666 0.361823
2.27093 0.87542
3.14202 2.10626
1.77619 0.213626
3.11454 2.08418
2.1564 0.741984
1.83075 0.249515
3.05378 1.97408
2.13091 0.666773
3.14668 2.12064
3.17004 2.17812
3.00556 1.93074
2.16127 0.738336
3.05448 1.98459
2.09465 0.657211
2.21154 0.801278
3.20071 2.19027
2.25418 0.878589
2.42507 1.14138
3.03147 1.97307
1.94929 0.429002
2.56737 1.27138
2.38404 1.04443
1.89125 0.335232
2.4943 1.22398
3.17156 2.19421
2.23127 0.814726
3.15461 2.13882
2.3499 1.02926
2.24129 0.870482
1.90224 0.358058
2.12733 0.701455
3.06035 1.99572
2.47971 1.17723
1.98213 0.51268
1.95878 0.466391
1.82257 0.243038
2.80414 1.64959
2.8637 1.72048
2.94829 1.81174
2.76189 1.5731
1.85713 0.272368
1.87934 0.338178
2.22039 0.828323
1.82899 0.246223
2.26925 0.892272
2.72489 1.53876
2.58036 1.33936
1.94406 0.399383
2.86813 1.72094
2.8466 1.70986
3.01328 1.88701
2.11133 0.665914
3.05188 1.99513
1.83965 0.280597
3.03969 1.97684
2.96303 1.87605
2.34341 0.998595
2.80238 1.63841
1.92739 0.396717
2.22939 0.839288
2.74723 1.5523
1.87039 0.300918
2.07836 0.617205
2.11508 0.673779
2.86146 1.74192
2.78354 1.61243
1.86029 0.320124
2.99343 1.91318
2.99692 1.96121
1.85438 0.329674
2.05582 0.596915
1.93967 0.442336
2.51956 1.23915
1.97177 0.483861
1.98048 0.495249
1.86435 0.360135
3.05052 2.0301
2.15742 0.736803
3.1862 2.15607
3.07206 2.03301
3.0669 1.99105
2.70697 1.51001
2.38944 1.06776
1.92644 0.403946
1.82137 0.269965
2.84499 1.69914
2.34198 0.998697
2.67069 1.48085
2.76725 1.57646
2.07685 0.62697
2.64776 1.42456
2.83927 1.6629
3.03201 1.9746
2.92097 1.78116
2.67223 1.46626
2.79515 1.65133
2.9598 1.84806
2.57875 1.33071
1.83543 0.263432
1.90991 0.412079
2.39056 1.0533
2.08684 0.627464
3.06739 2.01472
1.79582 0.237968
2.66193 1.42724
3.03492 1.95756
1.89928 0.359716
1.79161 0.237982
2.46139 1.16174
2.37918 1.03489
2.56581 1.33623
2.38728 1.07017
2.92718 1.82892
2.92692 1.80364
3.04841 1.98101
2.86012 1.71334
1.9163 0.380083
3.0412 1.96288
2.58196 1.3971
1.95758 0.446597
2.23398 0.858882
2.6549 1.4376
1.97007 0.498071
2.74002 1.56901
2.28697 0.897579
1.959 0.467451
3.0685 2.03159
2.56419 1.31885
1.87634 0.318789
2.55383 1.26523
2.33472 0.997663
2.03892 0.559418
1.79629 0.217836
2.90782 1.79365
2.06748 0.593564
1.97195 0.46994
2.63165 1.36685
1.92277 0.419424
1.84145 0.306125
1.98863 0.478793
2.60933 1.36842
2.25809 0.865611
2.62627 1.41243
2.02805 0.584325
2.28379 0.880595
2.43196 1.14045
1.87293 0.312626
2.6678 1.47744
2.69671 1.48541
2.22153 0.813981
2.20857 0.812102
2.94555 1.85909
1.85661 0.288004
2.88698 1.7472
3.0152 1.93137
1.89238 0.352405
1.86472 0.330405
2.26037 0.889956
2.49491 1.19964
2.40115 1.07483
2.93204 1.86603
2.77553 1.5947
2.50573 1.24223
2.43718 1.12939
2.6655 1.44836
2.63341 1.37815
2.27001 0.916383
1.84118 0.300008
2.04708 0.578996
1.8438 0.291266
2.01685 0.547854
1.91966 0.397854
2.59282 1.34626
2.40321 1.06311
2.59553 1.33847
1.98314 0.503597
2.89971 1.79468
2.5916 1.32464
2.5356 1.25508
2.32809 0.976608
2.44392 1.10538
2.90058 1.78314
3.06187 2.0063
2.11885 0.671179
2.22847 0.83901
2.815 1.63506
2.90338 1.76106
1.83217 0.275522
2.93034 1.84299
2.4911 1.21299
2.52692 1.27128
2.22494 0.827935
2.57516 1.29518
2.90753 1.77821
2.52147 1.24144
2.30879 0.939064
1.84044 0.303758
1.80869 0.222837
2.51086 1.20611
2.39435 1.08431
1.89048 0.363182
1.96067 0.452679
2.64518 1.44175
2.44529 1.13444
1.84422 0.285127
1.91065 0.38651
2.34821 0.983835
2.21748 0.811239
2.90481 1.77499
2.86131 1.74069
2.27004 0.945323
3.16993 2.15689
1.92271 0.40732
2.48314 1.1976
3.08918 2.07921
2.73907 1.54001
2.27285 0.896444
2.77543 1.59136
2.9851 1.8797
2.42671 1.12919
2.55825 1.31218
2.80056 1.62716
2.24249 0.870226
2.45595 1.14093
2.20368 0.781289
2.56827 1.29822
2.08673 0.637576
1.89115 0.392073
2.95789 1.87089
2.41708 1.0826
3.0249 1.97192
3.00893 1.92591
1.91706 0.402968
2.69487 1.45615
2.58562 1.32901
2.84463 1.7058
3.0762 2.04677
2.72962 1.51523
2.8834 1.71576
1.93204 0.428688
2.09016 0.595104
1.93099 0.410453
1.91188 0.396904
3.1819 2.18907
2.28006 0.886086
2.51834 1.20979
2.94774 1.85315
3.08214 2.05255
1.95415 0.476267
2.30697 0.940745
2.98881 1.91816
2.57957 1.31733
2.2203 0.79262
2.1719 0.773657
2.18531 0.771241
2.31002 0.942954
2.29826 0.946057
1.88373 0.285835
2.61966 1.37512
2.7316 1.5385
2.99407 1.91587
2.57617 1.33171
2.16795 0.75753
2.56704 1.2874
1.96475 0.459679
2.07485 0.641456
2.33337 0.984389
2.23814 0.825419
2.8647 1.75637
2.21713 0.81317
2.23852 0.86457
2.63464 1.37884
2.33227 0.957957
1.82234 0.261456
2.36665 1.01447
2.83649 1.68776
2.90537 1.77099
1.99621 0.502102
1.81096 0.200696
2.68494 1.47752
2.8059 1.60813
3.0431 1.98601
2.43045 1.11927
2.70766 1.49731
2.06894 0.590258
2.69175 1.48908
2.96851 1.88038
2.78177 1.61238
2.46928 1.18159
2.88996 1.77043
2.86556 1.72802
2.99321 1.87659
1.81393 0.298448
2.27872 0.896052
2.39578 1.0592
1.94263 0.442084
2.59986 1.34692
2.61925 1.37566
2.08786 0.630816
1.91027 0.37728
2.16258 0.740439
2.28017 0.899411
1.93329 0.398874
2.91417 1.76907
2.20807 0.820009
2.11765 0.687427
3.16068 2.14321
2.09558 0.639102
2.24703 0.843108
3.07516 2.03583
2.08444 0.629445
2.3075 0.943014
2.38972 1.05195
3.16264 2.15577
2.68853 1.48919
2.52482 1.2409
2.84167 1.69926
2.51059 1.24432
2.34381 0.9885
2.44217 1.14162
3.10269 2.06317
1.97611 0.491455
2.52448 1.25146
2.63378 1.43984
2.62877 1.38982
2.10227 0.672452
2.4387 1.10985
2.2443 0.888383
2.66592 1.49148
2.79054 1.65421
2.54431 1.27299
3.09282 2.07934
1.89565 0.379625
2.97986 1.86195
2.4846 1.1593
1.84912 0.308793
3.05172 2.02089
2.70953 1.52121
2.61434 1.3818
3.09892 2.09738
3.19659 2.19691
1.87657 0.342632
2.02518 0.575149
3.17328 2.14719
1.86617 0.299714
3.01865 1.97382
2.52687 1.25231
2.20945 0.798331
2.86473 1.72553
2.67443 1.46985
2.30732 0.94426
2.51845 1.24956
3.04729 2.00164
3.09413 2.0705
2.10435 0.660803
2.84991 1.71476
2.50281 1.19578
2.87526 1.75024
1.8804 0.336203
2.20522 0.796455
2.79328 1.62276
2.69043 1.50184
2.67212 1.48404
2.25114 0.880711
3.05221 2.01336
1.95679 0.407228
2.42037 1.08838
3.09091 2.02041
2.17326 0.784423
2.39612 1.05519
2.50255 1.23301
3.11261 2.08375
2.64006 1.39258
2.61603 1.39057
2.94492 1.8416
2.35717 1.0079
3.19857 2.1726
1.94036 0.4269
2.33789 0.976164
2.66974 1.45361
2.88273 1.73489
2.53692 1.27086
3.14405 2.11259
2.41275 1.10956
2.80034 1.60998
3.06491 2.01962
2.0303 0.531034
1.9743 0.45647
2.57967 1.3311
1.79423 0.22897
2.38199 1.07868
2.75319 1.56009
2.75532 1.56542
3.09961 2.08051
1.9192 0.39975
2.7409 1.57435
2.62412 1.37264
3.0508 1.96822
2.20246 0.802005
3.12794 2.10322
2.65184 1.40909
1.96332 0.44311
2.10728 0.662994
1.89735 0.386254
2.08814 0.636671
3.18224 2.16727
3.11355 2.077
2.6624 1.46705
2.23703 0.831485
3.09984 2.03493
2.76579 1.59425
3.08224 2.04927
2.41858 1.11303
1.86328 0.327674
1.97724 0.47356
2.42354 1.11566
2.94032 1.82366
2.85678 1.68326
2.35126 1.00746
1.78772 0.243456
2.55667 1.32848
2.5049 1.2114
2.82244 1.67983
2.24118 0.849782
2.89864 1.76404
1.93768 0.396543
2.86559 1.73765
2.61208 1.35498
2.05866 0.61192
3.01184 1.95041
3.0905 2.04684
2.10597 0.672706
1.9196 0.391613
2.51064 1.23111
2.73012 1.55268
2.16428 0.730078
1.80657 0.268116
3.04104 1.955
2.38116 1.0938
3.00844 1.92446
3.18543 2.20635
2.04499 0.590841
2.38794 1.06055
2.12023 0.656541
2.00218 0.526796
2.13682 0.6803
2.24852 0.833767
2.10468 0.675251
2.44885 1.12732
2.48803 1.2073
2.29382 0.920918
2.88745 1.77643
2.82262 1.67018
3.12749 2.10232
2.22886 0.83161
1.84524 0.29775
1.7935 0.18903
2.84311 1.70907
2.50228 1.19569
2.4726 1.17843
1.98111 0.513675
2.70276 1.49991
2.19747 0.794537
2.51975 1.26664
2.30948 0.930903
2.34806 1.01582
1.89423 0.354624
2.06225 0.60015
2.40237 1.08016
2.62033 1.40469
3.07508 2.01637
2.48135 1.18406
2.43867 1.14574
2.16497 0.745525
2.08638 0.608065
2.08667 0.662882
2.94249 1.83418
2.56925 1.34751
2.85915 1.70352
2.31588 0.972395
1.9113 0.4176
3.16807 2.12285
2.42191 1.09345
2.22485 0.845591
3.06396 2.02675
2.4465 1.12364
1.98582 0.475879
2.25109 0.889922
2.09167 0.638061
1.86904 0.34435
1.92865 0.415955
3.05345 1.98615
2.69999 1.50644
2.66584 1.43437
2.54664 1.29228
2.64317 1.41113
3.15664 2.14686
2.0464 0.547765
3.06859 2.00567
2.7721 1.60989
2.32505 0.968573
2.24522 0.835299
2.34399 0.981142
2.36163 1.02935
2.87861 1.74077
3.09198 2.06783
2.51135 1.22319
2.00475 0.511725
2.52682 1.23953
2.76188 1.58596
3.05473 1.96772
2.06627 0.594087
2.42697 1.11123
1.8149 0.254305
2.54357 1.24938
2.24329 0.867722
2.44863 1.14706
2.93792 1.82949
1.9387 0.403378
2.46027 1.17234
3.13193 2.10483
3.20369 2.19678
2.01507 0.530137
2.37773 1.06675
2.17757 0.761148
2.7338 1.54157
2.75067 1.53871
2.54426 1.27809
1.90147 0.37136
1.88381 0.371437
3.06999 2.0029
2.26606 0.886111
2.27845 0.88698
2.46675 1.17973
2.54821 1.26584
2.22829 0.853943
2.18781 0.789573
2.49623 1.20716
1.89524 0.377601
2.16759 0.750342
2.96214 1.87884
2.45956 1.15672
2.89012 1.75728
1.8816 0.331673
1.91695 0.387872
2.63109 1.40221
2.77629 1.61782
2.51331 1.21505
2.11919 0.706413
2.27086 0.871885
3.01303 1.90967
2.12459 0.689991
2.33799 0.965973
2.85621 1.7149
1.95289 0.456745
2.78187 1.63179
1.97086 0.463014
2.40906 1.07841
3.2028 2.18995
1.94552 0.420249
2.54902 1.24689
2.48758 1.19161
2.30341 0.945141
3.15659 2.11875
2.98694 1.90789
2.72705 1.5224
2.74442 1.52376
2.97254 1.90618
2.47028 1.18553
1.92143 0.397318
2.52789 1.27974
2.56143 1.2974
2.21727 0.808004
3.1864 2.18944
1.98802 0.480957
1.99577 0.502997
3.04539 1.98787
1.89851 0.348993
1.96837 0.478723
2.29465 0.954083
2.73405 1.53106
2.35252 0.973459
1.97476 0.444651
2.6993 1.50013
2.43344 1.12001
2.83953 1.70109
2.07769 0.6145
2.89613 1.77918
2.54086 1.26395
3.10709 2.03655
2.99102 1.92164
1.83564 0.282706
2.4148 1.12157
2.83339 1.67029
2.0359 0.572598
1.83752 0.329149
2.59681 1.34734
2.71159 1.50176
1.94875 0.443731
3.15782 2.15599
2.74768 1.54583
3.10728 2.07658
3.09218 2.06124
3.01776 1.94149
2.80331 1.65134
2.43702 1.14158
1.83484 0.247161
2.20902 0.80232
2.18679 0.769752
3.18095 2.16577
2.39476 1.08658
2.59754 1.34034
2.19221 0.794328
2.12788 0.675932
2.41989 1.08234
2.85241 1.71286
3.13515 2.11177
2.38392 1.05061
2.26959 0.88911
3.13347 2.08681
3.03133 1.98624
1.84062 0.274475
2.19402 0.793645
1.98094 0.466614
2.93474 1.84329
3.04385 2.00159
2.46982 1.16293
1.77583 0.206765
3.03437 1.97186
2.16621 0.75018
2.29993 0.941044
2.50363 1.20547
1.9812 0.460354
2.9549 1.84297
2.1942 0.786502
2.52103 1.26243
2.36879 1.0189
2.58483 1.31925
2.48438 1.20924
2.14744 0.731473
1.81761 0.251274
2.73165 1.5289
2.08456 0.624311
2.0176 0.539165
2.66573 1.4226
1.87106 0.306146
2.56543 1.29966
2.39719 1.05388
2.43334 1.12347
2.23485 0.835755
3.13167 2.10203
2.70036 1.4984
2.86775 1.73074
2.64892 1.42622
2.7269 1.53617
2.05687 0.597782
2.20698 0.814322
2.93611 1.87283
2.97601 1.89703
2.20835 0.799476
2.72957 1.53824
2.66359 1.41552
2.43805 1.11754
2.80003 1.62486
2.56196 1.29032
2.76316 1.56469
3.0242 1.93132
1.87621 0.35717
2.40916 1.09337
3.06515 2.03408
1.84778 0.291899
3.09608 2.04634
2.92998 1.82091
3.18766 2.18503
1.95994 0.439334
2.80202 1.64718
2.96987 1.87684
2.33483 0.981906
2.57889 1.32756
2.43933 1.12209
1.89843 0.371799
2.06882 0.622565
1.86797 0.311884
2.16595 0.771195
2.43398 1.11174
2.16815 0.745555
2.34897 0.987655
2.96259 1.86211
1.83786 0.280021
2.35571 1.02229
2.41421 1.08561
2.52307 1.27313
2.99031 1.88222
2.58536 1.35049
2.48277 1.16375
1.94597 0.420076
3.18299 2.17568
2.98899 1.93785
2.66062 1.43966
1.90061 0.367652
1.85086 0.299291
2.65889 1.44486
1.99083 0.506802
1.97966 0.475284
2.08224 0.621886
1.9029 0.383213
2.54093 1.2649
3.00256 1.9244
1.88749 0.337786
2.28779 0.931222
2.1301 0.726275
2.43473 1.1297
2.70647 1.50518
2.34475 0.999758
2.96028 1.83853
2.12208 0.70354
1.9963 0.489469
2.92745 1.82522
2.64379 1.41092
2.50061 1.20189
2.18738 0.815475
2.60101 1.35126
2.33109 0.965485
2.00677 0.506632
2.29421 0.914431
2.52269 1.27241
2.53754 1.26115
2.44007 1.10655
2.59406 1.3342
1.92345 0.431659
2.2644 0.8649
2.45997 1.17201
2.30737 0.945278
2.68592 1.4483
2.82908 1.65419
2.51343 1.24857
2.36341 1.01505
2.45445 1.12104
2.71019 1.51089
2.63464 1.39329
2.36791 1.02539
3.02578 1.94976
3.05958 2.00319
2.03566 0.546428
3.1587 2.12956
2.66235 1.42563
1.81757 0.265904
2.72819 1.52355
3.14248 2.11607
1.83886 0.256093
2.45643 1.14067
2.45271 1.11653
1.99007 0.485263
2.95264 1.84068
2.3687 1.02823
3.05453 1.99821
2.47157 1.1783
2.92011 1.80335
1.96231 0.460934
2.82444 1.67882
2.65244 1.45982
3.16853 2.17466
2.39994 1.08897
2.11063 0.666958
3.16676 2.16631
2.90237 1.77205
2.45101 1.16769
3.16314 2.12629
2.08046 0.641429
2.44923 1.149
2.41617 1.05666
1.9945 0.514397
2.03884 0.565432
2.93722 1.83848
2.55614 1.29615
2.93096 1.82945
3.14129 2.11868
2.48068 1.17263
1.84908 0.299916
2.58959 1.33154
1.86742 0.312798
2.92738 1.84032
2.77993 1.5917
1.83161 0.284559
2.00923 0.513065
1.96016 0.474764
2.79683 1.61634
1.99862 0.49711
2.27255 0.866442
3.13637 2.09414
2.04957 0.553952
1.88099 0.334394
2.02729 0.561721
2.88618 1.74969
2.26115 0.892897
1.88278 0.333196
2.8341 1.73315
2.44771 1.14045
2.89038 1.76927
2.90277 1.80295
2.89837 1.75721
2.3375 0.979114
2.92344 1.80264
2.6138 1.39938
2.37164 1.01345
2.39746 1.06016
2.10921 0.687951
1.80017 0.219186
2.53593 1.26781
3.15301 2.13773
2.85822 1.72742
2.20573 0.809388
2.7026 1.50827
3.13203 2.11375
3.10776 2.08839
2.30385 0.936615
2.96802 1.87219
1.99979 0.516544
2.08234 0.637883
2.94546 1.84753
2.74862 1.55792
2.73682 1.53551
2.84229 1.67121
2.22055 0.794285
1.87209 0.344066
3.08666 2.02039
3.16496 2.13731
3.04661 1.96019
2.11474 0.674617
2.83406 1.67565
2.41579 1.08419
1.94764 0.428021
2.00121 0.507139
1.92431 0.387468
2.96251 1.85859
1.99495 0.492633
2.51916 1.25823
2.3302 0.942701
2.72393 1.54429
2.44394 1.1248
2.79895 1.61159
2.68223 1.47404
2.79382 1.64768
1.88135 0.341844
2.11347 0.663723
2.20457 0.797435
2.02065 0.553556
1.82094 0.260978
1.8086 0.242978
3.18695 2.16689
1.98142 0.486443
2.98616 1.88424
3.06037 2.02955
3.13384 2.11875
2.14016 0.683745
2.47998 1.13343
2.22701 0.82332
2.87138 1.72921
2.21651 0.846002
2.17648 0.768999
2.18381 0.758793
3.01459 1.91966
2.43541 1.12391
1.99967 0.4863
2.45462 1.1732
3.04887 1.98571
2.76971 1.60504
2.94382 1.82191
3.06521 1.98353
2.01584 0.545572
2.35277 1.01349
2.02283 0.522368
2.91375 1.81441
2.51423 1.22476
2.49097 1.19894
2.17928 0.757072
3.18011 2.19712
2.91765 1.81683
2.4835 1.16808
2.43382 1.11239
2.71096 1.48859
2.44852 1.14427
3.13338 2.13523
2.1793 0.751215
1.91034 0.377286
2.32825 0.959
2.56913 1.33014
1.94929 0.448312
2.15255 0.732275
2.75594 1.56131
2.60472 1.34987
2.39612 1.0548
3.19295 2.18036
2.24592 0.847584
1.95295 0.438262
2.49792 1.19129
2.04847 0.588936
2.30838 0.952801
2.8092 1.6449
2.13139 0.678817
3.08148 2.0459
2.78456 1.62434
1.83547 0.274155
2.61548 1.36468
2.43526 1.15496
1.92121 0.410246
2.10455 0.663506
2.56557 1.302
2.24551 0.865505
2.30236 0.927169
1.94924 0.436451
2.97919 1.88293
2.88969 1.77899
2.43383 1.11489
2.21369 0.83745
2.68537 1.46676
3.14381 2.09747
2.49171 1.20616
2.70805 1.52291
2.27853 0.916109
2.88545 1.75822
2.01137 0.529464
2.12685 0.70151
2.31511 0.960943
3.12988 2.10336
2.14493 0.722489
2.85159 1.71655
2.46088 1.1634
1.93724 0.447033
2.0727 0.611312
1.79354 0.267415
1.98305 0.489778
2.19276 0.779258
1.86787 0.31815
2.84823 1.69324
2.76625 1.59123
1.98036 0.472195
2.70003 1.50602
2.32859 0.969534
2.02251 0.541262
1.93287 0.425447
2.72328 1.53927
3.04207 1.99155
3.19849 2.18872
3.06966 1.98076
2.91093 1.78377
2.71086 1.51759
2.92536 1.79396
2.89868 1.75513
2.61217 1.3494
2.45384 1.16321
2.6794 1.4737
2.44551 1.14985
3.18339 2.15946
1.81506 0.238626
2.62516 1.35665
3.06043 2.00703
1.9594 0.423766
3.04636 1.97124
2.25088 0.860341
2.28555 0.90356
2.03461 0.576909
2.1511 0.719736
2.26007 0.886772
2.7661 1.59014
2.85445 1.69458
2.33706 1.02738
2.14553 0.709903
3.02453 1.95948
2.94626 1.86307
3.15119 2.11817
2.63662 1.4182
2.63868 1.41142
2.68841 1.49712
3.15537 2.14175
1.84771 0.300344
3.13085 2.11614
2.74957 1.55888
1.79862 0.223418
2.41431 1.0909
2.96075 1.85926
2.02009 0.549083
2.80422 1.65166
2.57786 1.32354
2.91135 1.78821
2.90655 1.77486
3.12808 2.08585
2.74375 1.53596
2.79617 1.65813
3.03637 1.99379
2.22615 0.821148
2.01319 0.505459
2.87717 1.7284
2.37064 1.02804
3.18014 2.19212
2.81526 1.65545
2.51288 1.23369
2.53865 1.2812
3.0431 1.99287
2.18942 0.775824
2.00654 0.510649
2.27746 0.909489
1.88837 0.359687
2.95259 1.8532
2.9562 1.8839
2.05325 0.600164
3.00247 1.91302
3.03885 1.9851
2.1728 0.740772
3.12484 2.11568
1.94763 0.423424
2.91617 1.78887
3.14124 2.11579
2.47317 1.17443
3.03604 1.97695
2.83295 1.69943
2.19967 0.783742
2.91971 1.80336
2.26532 0.902031
2.56511 1.32151
3.14452 2.10954
2.14616 0.715383
2.56689 1.32753
1.8507 0.299218
3.13462 2.10125
2.94181 1.82521
2.1111 0.668843
3.13618 2.09063
2.8202 1.66004
1.97467 0.48279
2.25779 0.868273
2.82499 1.67957
1.85083 0.310449
2.02177 0.56257
2.7115 1.51868
2.44611 1.14585
2.40353 1.08383
1.9467 0.398293
2.83382 1.67729
1.93435 0.432376
2.25219 0.862477
2.40174 1.08825
1.86703 0.316489
2.53959 1.26379
2.75428 1.62431
2.45196 1.15745
2.04415 0.56469
3.12847 2.08419
3.14837 2.12693
2.15625 0.68258
2.73324 1.51688
2.09212 0.639385
3.11881 2.05854
2.09546 0.647157
2.74159 1.53903
2.19773 0.81756
2.80651 1.63429
1.8108 0.240812
2.64334 1.41217
2.89527 1.76942
2.07404 0.645054
2.37724 1.06127
2.22125 0.81152
3.08651 2.01564
2.12521 0.690919
2.63328 1.40811
1.83365 0.282104
2.94986 1.86291
3.00463 1.91848
2.05849 0.624627
3.06795 2.03592
2.75048 1.5402
2.45062 1.13856
1.88676 0.327289
2.50346 1.207
1.91115 0.393655
1.99399 0.49357
2.37295 1.03593
1.87732 0.353735
2.35739 1.00721
2.8247 1.68343
2.49534 1.1999
2.92418 1.82045
2.04305 0.555238
1.98075 0.523195
2.15554 0.723267
2.20334 0.794193
2.30361 0.951592
2.04969 0.546559
1.96423 0.454297
2.06455 0.605777
2.72424 1.54891
2.99746 1.96063
3.111 2.0943
2.96206 1.89905
3.18621 2.19249
2.59981 1.33885
3.14992 2.1137
1.88795 0.311494
3.0801 2.02843
2.07355 0.618093
2.36243 0.993447
3.16105 2.11958
2.59586 1.37524
2.18563 0.746845
2.87201 1.77255
3.17629 2.15711
3.01987 1.94684
2.53761 1.26327
1.79475 0.197113
3.03083 1.95433
2.61764 1.40404
2.2972 0.925331
1.83924 0.273139
3.13632 2.11752
3.0125 1.93443
2.39987 1.06356
2.36252 1.03172
2.6591 1.43432
2.63499 1.38914
3.07068 2.02482
2.53205 1.2509
2.02788 0.54405
2.00844 0.536499
3.13185 2.10912
2.60232 1.35146
2.42322 1.11657
2.66933 1.4804
1.93372 0.409681
3.06062 1.99084
2.42949 1.10175
2.30781 0.943545
1.88433 0.344954
2.04812 0.59802
2.05679 0.608985
2.71116 1.50468
2.86716 1.74516
3.17291 2.16357
2.82866 1.70845
2.03313 0.564075
2.81447 1.65678
1.95091 0.447699
2.18166 0.773348
2.93718 1.81315
2.13523 0.722371
2.30239 0.929017
2.01575 0.543603
2.68086 1.46278
2.13028 0.673204
1.88206 0.343063
2.97644 1.90187
2.77857 1.62885
1.86359 0.320611
2.38762 1.04517
2.5307 1.27663
2.5513 1.24193
1.8726 0.339979
2.74821 1.54155
2.35938 1.03689
2.57101 1.33304
3.12662 2.10322
3.15269 2.14408
2.67175 1.48375
2.48145 1.18467
2.1914 0.745757
2.54156 1.26826
3.17454 2.1465
2.33419 0.975513
2.79422 1.60268
1.8622 0.304469
1.87906 0.333335
2.79422 1.62735
2.91448 1.80628
1.93261 0.406217
2.25366 0.878939
2.22434 0.793525
2.12161 0.655537
2.68668 1.45814
2.00168 0.508227
2.61962 1.38945
2.91601 1.79511
1.92634 0.416545
2.52144 1.21874
2.82774 1.67687
3.12128 2.07476
2.58973 1.31684
2.31225 0.970693
2.21819 0.824077
2.49697 1.18012
3.01049 1.9369
2.64576 1.42885
2.31503 0.953107
3.11735 2.05369
2.43712 1.10149
2.11184 0.656618
2.83302 1.69786
2.28053 0.943235
1.99336 0.52917
2.27518 0.902895
1.95734 0.442945
1.87155 0.320006
2.15835 0.750071
2.87436 1.74142
2.0655 0.620061
2.27397 0.870615
2.5001 1.19576
2.32672 0.974249
3.04289 1.96611
2.18137 0.772252
2.3533 0.988294
2.37329 1.02502
2.13605 0.724231
2.55157 1.26624
2.79011 1.6008
2.97725 1.87509
2.74213 1.56759
2.75284 1.59115
1.83298 0.278517
2.3616 0.995997
3.05487 2.03454
2.41338 1.10755
2.90723 1.80352
2.578 1.34611
3.00319 1.93894
2.18592 0.74968
1.92786 0.404486
2.14807 0.690225
1.78492 0.213644
2.23562 0.884103
2.61791 1.36187
2.72735 1.55509
1.81182 0.25064
3.19852 2.21427
2.04196 0.5791
2.58365 1.36959
3.04076 2.00253
3.02696 1.92589
2.40435 1.06135
2.77419 1.59094
2.38467 1.06779
2.26324 0.898886
2.68071 1.44223
2.73047 1.51304
3.08607 2.03177
2.66079 1.42806
3.08319 2.01458
1.93279 0.411886
2.68403 1.47947
1.85003 0.315564
2.06283 0.58252
2.93341 1.80254
2.14318 0.718127
2.46464 1.13469
1.80103 0.206858
2.17042 0.779834
2.16904 0.747664
2.23583 0.828072
2.92576 1.80913
2.73113 1.53663
2.54935 1.29425
3.0941 2.05797
1.93524 0.397468
2.66392 1.43236
2.13895 0.703933
2.34978 0.96261
3.13313 2.156
2.24878 0.832537
1.91164 0.386976
2.75594 1.57525
1.77884 0.196346
3.16978 2.15607
3.06146 1.99228
3.07407 2.03904
2.08122 0.591632
1.8249 0.262098
2.89678 1.77534
2.8499 1.72099
2.31359 0.937705
2.22565 0.80549
2.25559 0.890755
2.98253 1.91014
2.75483 1.58084
2.96154 1.83027
2.32683 0.9677
1.81019 0.257612
3.07767 2.03288
2.21394 0.827386
2.39541 1.08444
1.9893 0.486511
1.92297 0.402143
1.7856 0.222172
2.69624 1.50003
3.17398 2.13934
2.58361 1.3526
2.18418 0.751329
2.46962 1.13504
2.0735 0.619143
3.1503 2.14988
3.20815 2.18637
2.95612 1.83608
3.19676 2.19796
2.32748 0.970251
2.26926 0.884547
3.14161 2.11054
3.13211 2.09107
2.84757 1.72305
2.41461 1.10303
2.07189 0.594682
2.39462 1.03783
2.61839 1.34091
2.9531 1.84824
2.45887 1.15468
2.51643 1.26954
2.05375 0.573007
2.24122 0.848409
2.82665 1.67702
2.80879 1.66969
3.10078 2.06957
2.18327 0.750948
2.27798 0.909081
3.0419 1.97539
2.79068 1.57749
2.65408 1.43093
2.57636 1.31674
2.16789 0.758486
2.82141 1.63769
1.83703 0.323045
2.12886 0.677877
2.96634 1.87258
3.19119 2.16934
2.50532 1.2312
2.4165 1.08723
3.00254 1.92724
2.53346 1.26957
2.75104 1.5501
2.57718 1.33849
2.71977 1.51771
2.91169 1.76792
2.50399 1.24978
2.88251 1.73391
1.80635 0.205915
2.27817 0.918078
1.9116 0.400227
2.53723 1.27994
2.61639 1.36996
2.81103 1.62397
1.91278 0.373094
2.67658 1.47364
2.7769 1.59883
2.74154 1.54589
1.82932 0.266955
3.12342 2.10807
1.99371 0.517534
1.93577 0.446163
2.95256 1.83887
3.15221 2.13379
2.72381 1.50787
2.57721 1.30258
2.50885 1.22824
2.53917 1.25656
2.50131 1.23533
2.14605 0.71737
2.22786 0.786052
2.9682 1.85631
3.10016 2.03539
2.08492 0.636101
2.91436 1.78015
2.02372 0.563062
2.22617 0.838715
2.80042 1.6293
1.91294 0.373661
2.36919 1.05171
1.80194 0.24576
3.03629 1.96928
2.56512 1.31185
2.85169 1.70185
2.8163 1.67077
2.06105 0.571337
2.79535 1.64335
2.59988 1.36346
2.04378 0.566972
2.76407 1.57792
2.24308 0.878831
1.78461 0.207299
2.32425 0.945902
2.97239 1.89293
1.81396 0.262137
2.74195 1.58228
2.05366 0.574332
2.80001 1.63383
2.24071 0.856341
1.92007 0.398743
3.17396 2.14435
1.86146 0.281219
2.00561 0.518062
2.25137 0.863518
2.75671 1.57874
1.81799 0.247062
2.2809 0.901038
2.37448 1.05621
2.16202 0.730822
2.39298 1.05833
2.68892 1.48636
2.97528 1.87704
2.44073 1.13292
2.10325 0.660464
2.47512 1.17863
1.8105 0.240519
2.20632 0.797305
1.86769 0.3447
2.15303 0.711587
3.0381 1.9958
2.3008 0.937332
1.87289 0.338924
2.09703 0.634909
2.57227 1.31814
2.1005 0.651032
3.17737 2.17532
2.73562 1.52633
3.04118 2.01505
2.08752 0.635083
2.26045 0.862444
2.09997 0.650165
3.09704 2.06543
2.2425 0.851757
2.16099 0.730932
3.0121 1.91736
2.61963 1.36331
2.36104 1.01636
2.71064 1.50338
1.99031 0.493278
2.62872 1.39614
2.68772 1.49813
2.33192 0.969773
1.9592 0.450022
2.7677 1.58692
2.09494 0.656712
2.17879 0.776242
1.98179 0.467503
2.0447 0.557826
2.22343 0.829142
3.01303 1.9149
2.12332 0.70707
3.04731 1.96066
2.35566 1.02787
2.97997 1.91729
2.36518 1.04559
1.792 0.204333
2.6467 1.43319
2.99053 1.9186
2.28673 0.938172
2.61263 1.34523
2.73441 1.57472
2.86964 1.72034
2.24704 0.847699
3.18908 2.19761
2.10828 0.666875
2.5872 1.37332
1.89559 0.349011
2.89909 1.78512
2.53065 1.23657
2.33944 1.0088
2.17426 0.759463
2.00252 0.498386
2.08366 0.602082
1.87944 0.348696
2.62711 1.38569
3.09633 2.06465
1.87558 0.326989
3.13593 2.11165
1.81544 0.282764
2.76098 1.58279
2.33079 1.00324
2.87465 1.75333
2.63063 1.3997
2.68721 1.4601
2.47983 1.17125
2.73212 1.54762
2.68558 1.45802
3.09619 2.00846
2.57698 1.35775
2.08255 0.656686
3.10536 2.07897
2.12691 0.677463
3.09425 2.03083
1.92643 0.39982
2.0524 0.585905
2.64445 1.41043
2.58318 1.31703
2.03287 0.554208
1.881 0.353037
3.14146 2.1351
2.59688 1.33288
2.27692 0.943629
2.21285 0.819196
3.16851 2.16273
2.76707 1.60098
2.75899 1.5697
2.17523 0.758308
2.3422 1.01832
2.10021 0.674323
3.07044 2.02225
3.06765 2.04293
2.10574 0.682666
3.03315 1.95656
2.53775 1.2714
2.79331 1.66192
1.86706 0.313288
2.35493 1.05349
3.11884 2.07816
2.21998 0.803778
2.40519 1.06815
1.93641 0.4048
2.30832 0.949298
2.31834 0.940836
2.95697 1.84711
1.9445 0.43279
2.8389 1.69627
2.61092 1.36508
1.96595 0.457449
1.89708 0.37158
2.77714 1.59386
2.88855 1.78123
2.89761 1.7834
2.41553 1.10577
2.10971 0.699584
1.80108 0.26216
2.73091 1.5092
1.80493 0.203074
1.78384 0.204844
3.053 1.99006
1.97449 0.505053
3.05734 1.98217
2.00071 0.513268
3.09524 2.05795
2.36971 1.04604
2.93735 1.82715
2.94901 1.84551
2.31567 0.985462
2.45589 1.12637
2.04433 0.56939
1.90147 0.347468
2.22079 0.814697
2.73467 1.53862
2.20897 0.793438
2.59152 1.35203
2.50865 1.22017
2.13301 0.715493
2.82699 1.66319
2.20606 0.788618
2.81977 1.65949
2.83841 1.67755
1.89882 0.358706
1.83827 0.282298
2.81154 1.6351
2.98063 1.85482
2.37185 1.04456
2.8586 1.72541
1.84866 0.28951
2.9866 1.8881
2.10441 0.677573
2.65568 1.45523
2.32921 0.972835
3.02895 1.95576
2.77287 1.55508
2.4007 1.09992
2.8068 1.62378
2.31844 0.977956
3.06523 2.02361
1.94019 0.413841
2.39417 1.04941
2.70618 1.52981
2.53309 1.27447
2.69713 1.50223
3.16941 2.14141
3.16789 2.12969
2.14822 0.706825
2.7597 1.57611
2.20336 0.810322
2.73746 1.56708
2.27557 0.919469
2.8644 1.7139
2.64752 1.39654
2.34948 1.02081
2.35171 1.00416
3.09557 2.03192
2.31809 0.947983
2.50522 1.2107
2.26381 0.859517
2.07947 0.625823
2.80335 1.63362
2.86073 1.69771
1.95942 0.460943
2.13165 0.699071
2.55035 1.26475
2.12791 0.674442
2.6943 1.50121
2.87083 1.73638
2.34575 0.997612
2.88181 1.76837
2.9297 1.81154
1.92583 0.397345
1.8597 0.327017
2.67695 1.48878
2.68923 1.47704
2.87888 1.76005
1.94116 0.406904
3.04592 1.97513
2.75676 1.59785
2.29671 0.929396
3.12992 2.11852
3.11872 2.10115
2.65508 1.4329
2.40669 1.10216
2.02575 0.552503
2.83098 1.68551
2.3773 1.04654
2.84021 1.69144
2.85901 1.6768
3.07071 2.01857
2.80705 1.65642
2.61711 1.37083
2.22682 0.839808
2.09279 0.656536
2.60892 1.34236
3.05964 2.0047
2.16368 0.720328
2.52774 1.25503
2.49209 1.17969
2.96872 1.86142
2.48662 1.21408
2.7932 1.6126
2.39985 1.04667
2.78268 1.63872
2.49293 1.20366
2.6109 1.40436
2.77462 1.59501
3.14014 2.10081
2.90929 1.80276
2.68412 1.48427
2.9542 1.85385
2.12313 0.675734
3.09032 2.04592
3.01315 1.95647
3.14158 2.14694
2.43499 1.11688
3.12103 2.1094
2.99721 1.88479
3.01654 1.95294
2.13861 0.705953
3.00753 1.90925
1.82792 0.283791
1.803 0.239754
2.84485 1.68618
2.74988 1.546
2.29365 0.886712
3.17482 2.18394
2.97367 1.87656
2.3381 0.991727
3.00856 1.90946
1.97731 0.496263
2.61277 1.35112
2.35932 0.998503
3.12149 2.07109
2.33259 0.981601
1.8712 0.350114
2.87565 1.76503
3.12281 2.10886
2.964 1.83491
2.48727 1.20393
2.71975 1.54726
2.49778 1.22238
2.65485 1.42162
2.35364 1.01354
3.0593 1.99933
2.04203 0.566766
1.82391 0.277067
2.70975 1.44819
2.44735 1.13159
2.14995 0.718024
2.42029 1.12315
1.86628 0.366384
2.44035 1.14961
2.01935 0.536153
2.91743 1.81179
2.96303 1.86738
2.41169 1.11563
2.37612 1.02764
1.89752 0.363925
2.69642 1.49691
2.21902 0.84724
2.55567 1.30338
2.59064 1.35904
2.25296 0.876856
2.27743 0.892426
2.10065 0.637363
2.644 1.41295
2.7133 1.5175
2.40633 1.09994
3.06496 1.99907
1.85384 0.303776
2.07377 0.625006
2.43232 1.10575
2.05185 0.598792
2.94271 1.822
2.0426 0.550244
3.06056 2.02801
3.19637 2.20449
2.43492 1.11877
2.10575 0.637907
2.47755 1.16781
3.18439 2.16639
2.82153 1.67028
1.97347 0.474495
2.16643 0.714627
1.91901 0.402744
2.11021 0.656174
3.17004 2.15355
2.81759 1.64188
2.94805 1.8601
2.20902 0.775499
2.95471 1.8585
1.97774 0.493413
2.48773 1.18923
2.95601 1.85659
3.02137 1.93725
2.54232 1.26816
2.35267 0.983658
2.52762 1.2539
2.42914 1.17477
3.04906 1.9804
2.80626 1.68894
3.09605 2.05428
2.44848 1.16284
2.5828 1.3394
3.06021 1.98169
1.86689 0.313942
1.8809 0.318315
2.37674 1.03998
2.81212 1.66331
2.79433 1.63401
2.15162 0.716066
2.72639 1.52336
3.19251 2.1793
2.95417 1.86537
2.33368 0.976823
1.93264 0.416878
2.95635 1.87875
1.96634 0.435318
2.24324 0.823688
3.03942 1.9769
2.55905 1.29982
2.88589 1.7471
3.03859 1.9671
2.60649 1.38015
2.10282 0.655687
2.18714 0.750997
2.04512 0.598681
2.20959 0.859895
3.15399 2.11454
2.04585 0.561503
3.04288 1.95957
2.03776 0.571041
2.57815 1.35778
2.15346 0.728029
2.03097 0.546184
2.40792 1.09123
3.07376 2.03175
2.10185 0.692655
1.86858 0.324493
2.95985 1.86516
2.23301 0.823838
2.3608 1.02019
2.40065 1.02666
3.01669 1.90663
1.79019 0.227815
1.88402 0.32806
2.68594 1.48264
2.69815 1.51193
3.1692 2.15162
2.29384 0.930977
2.91412 1.78752
2.12488 0.663329
2.88725 1.72962
2.85418 1.67067
2.13266 0.70528
2.60484 1.38534
2.83552 1.68176
2.53606 1.27066
2.74669 1.5489
3.14716 2.13687
2.90085 1.78059
2.93165 1.80783
2.80758 1.64294
2.5637 1.31001
2.68219 1.46778
2.40042 1.06967
2.46706 1.16939
2.64451 1.41921
2.98801 1.93128
2.41045 1.1012
2.47774 1.19114
2.27411 0.905834
2.4469 1.14152
2.86043 1.7269
2.04492 0.577606
1.86598 0.34519
2.61014 1.37562
2.86639 1.72804
2.2059 0.815077
3.11546 2.08837
1.93934 0.433846
2.43993 1.13387
1.88092 0.324093
2.31542 0.964015
1.99282 0.527337
2.56876 1.32712
3.15247 2.11656
2.64974 1.42211
2.8997 1.80618
3.04985 1.95528
2.47781 1.21674
2.01429 0.53441
2.84091 1.72277
2.99032 1.88284
3.15145 2.13504
2.56621 1.30506
2.47414 1.16985
3.11759 2.10963
2.48974 1.17935
2.0226 0.518032
2.28099 0.901442
3.15103 2.09934
2.52932 1.26005
2.40851 1.05792
2.91389 1.78675
2.10911 0.66976
2.40225 1.06224
1.96259 0.458411
2.83317 1.70656
2.09927 0.651674
2.89257 1.74548
2.14158 0.70817
2.20071 0.826437
1.91152 0.382549
2.01692 0.542418
1.81978 0.282936
3.04771 1.99683
1.88291 0.338351
2.124 0.676275
2.65182 1.40332
3.03097 1.98836
3.04145 2.00998
2.20507 0.796817
1.7589 0.185931
1.90573 0.392666
2.57545 1.30514
3.11338 2.05705
2.30399 0.953771
2.74144 1.5495
1.91827 0.413744
2.01465 0.496739
2.34104 0.981286
2.58253 1.31488
3.0273 1.96872
2.68168 1.47147
1.82979 0.24057
1.80195 0.226315
2.32561 0.946816
3.14027 2.13651
2.54673 1.29337
2.60241 1.37066
3.07909 2.02402
2.86594 1.74106
2.42603 1.09846
2.51746 1.21835
2.15307 0.726797
2.62111 1.36994
2.06811 0.619615
2.64809 1.42961
1.91252 0.411762
1.94445 0.42689
3.0767 2.01683
1.97204 0.476084
2.13294 0.692967
3.06083 2.01655
3.0927 2.0471
2.68197 1.49501
2.61411 1.3728
2.04232 0.557263
2.17635 0.712987
2.58744 1.34204
2.00177 0.537453
2.44222 1.14747
2.03572 0.541675
1.84668 0.267211
2.22575 0.831807
2.01879 0.526098
3.15118 2.10981
2.31965 0.950634
1.89855 0.360603
1.79714 0.23474
2.74625 1.58113
2.65923 1.44469
2.79691 1.59189
2.05302 0.581682
2.25272 0.879199
2.95031 1.83254
2.55666 1.28127
2.20161 0.791712
1.99172 0.504807
2.46424 1.16449
2.79308 1.63047
1.89563 0.363478
2.43485 1.13238
1.9194 0.387786
2.37469 1.03275
2.85925 1.7209
2.70213 1.5015
2.56259 1.28193
2.20742 0.822148
3.12131 2.08182
2.03942 0.575328
2.22769 0.808849
2.19943 0.789715
1.84045 0.286828
1.94064 0.428724
2.01575 0.574132
2.38952 1.05807
2.61619 1.38955
2.68049 1.46078
2.62521 1.39666
2.13428 0.650335
2.48033 1.21107
2.46751 1.16535
2.65392 1.437
2.74567 1.57992
3.19166 2.21264
2.0686 0.589157
2.82172 1.63634
2.45497 1.16881
2.33589 1.00558
3.09263 2.024
3.18153 2.1872
2.59128 1.34239
2.36601 1.02835
2.67094 1.44913
2.46774 1.17551
2.95637 1.8734
2.9214 1.79967
2.45499 1.18338
2.56041 1.29416
2.6099 1.40626
2.04024 0.541641
2.17009 0.748292
2.44084 1.13385
2.71484 1.53673
2.4549 1.15668
2.37465 1.05725
1.88316 0.363879
1.86949 0.331844
1.91612 0.3882
2.2701 0.899546
2.28532 0.913643
3.05334 1.97754
2.21147 0.801834
2.75536 1.57627
2.90397 1.76893
3.13842 2.12603
2.58486 1.33828
2.40506 1.10905
2.02636 0.521897
2.56596 1.2984
2.41979 1.09543
2.3698 1.00583
2.29985 0.922273
1.90368 0.399876
2.2557 0.874844
3.12224 2.10597
2.10172 0.667217
2.79702 1.64277
2.09292 0.634866
3.00324 1.91831
2.80718 1.65375
3.00447 1.96463
2.32222 0.969508
2.34043 0.997087
1.94056 0.38798
2.02664 0.540815
2.97525 1.87371
2.30228 0.948881
2.00099 0.50648
2.8611 1.72731
2.4222 1.12291
2.04778 0.528001
2.93927 1.81904
2.37897 1.05431
2.04178 0.579412
3.05915 2.00987
2.23844 0.844341
2.75146 1.53972
1.84847 0.304355
2.47494 1.20815
2.20606 0.778385
1.79969 0.223043
1.94825 0.431488
2.02012 0.517274
2.02879 0.565638
2.4367 1.16316
2.55239 1.29376
1.98011 0.503825
2.07086 0.600183
3.10385 2.09499
1.98644 0.504401
2.14977 0.72954
1.99019 0.504743
2.99315 1.87376
3.18459 2.18874
2.53774 1.28925
2.07181 0.607577
2.35142 1.00983
2.94561 1.82649
2.17906 0.795473
2.17822 0.743218
2.8265 1.70547
2.64888 1.41877
1.99409 0.487236
1.98702 0.465551
2.48197 1.20771
2.24441 0.86032
2.53887 1.25545
1.96429 0.482247
2.70337 1.50464
2.4839 1.15974
2.16049 0.724683
2.09323 0.649029
2.65003 1.46888
2.60336 1.36688
2.38574 1.0705
2.58385 1.35095
2.59982 1.33499
2.38919 1.08892
3.21846 2.19294
2.42428 1.11242
2.74101 1.56043
3.15022 2.11134
2.09094 0.668753
2.97114 1.85054
3.07017 2.0121
2.59551 1.35648
2.64914 1.4484
2.7554 1.55609
1.96558 0.442155
1.854 0.318194
3.00699 1.94967
2.57527 1.30498
2.46553 1.21255
2.65827 1.48342
2.31984 0.98548
2.38081 1.03396
2.91415 1.77091
1.98856 0.484005
2.07419 0.640386
3.16061 2.15832
2.16743 0.750046
2.67035 1.43229
2.09329 0.635517
2.30574 0.940469
2.55748 1.28976
2.67086 1.46439
2.35562 0.988638
2.15521 0.723103
2.30733 0.973599
2.45564 1.16576
2.63741 1.42373
2.99659 1.90873
1.7831 0.187119
3.09567 2.03939
2.22076 0.82216
2.11636 0.659598
2.87851 1.76368
1.79622 0.241871
2.41211 1.10069
2.05285 0.5743
1.85866 0.333905
2.93975 1.83338
2.07252 0.608967
1.993 0.489349
2.94052 1.83995
2.35992 1.00927
2.88675 1.77893
2.1609 0.751271
2.88261 1.77459
1.9505 0.445021
3.02565 1.96528
2.74696 1.56458
3.0756 2.00937
1.88632 0.363405
2.7823 1.59731
3.09292 2.03708
1.91048 0.388476
2.30619 0.917949
2.91548 1.81342
2.5768 1.28776
1.8466 0.26787
3.03094 1.96166
2.62611 1.41304
3.00765 1.9666
2.16673 0.745159
1.81916 0.264442
3.17467 2.13297
2.68354 1.45502
2.36037 1.02629
1.79816 0.241226
2.07614 0.617997
2.24465 0.837682
2.09539 0.67715
2.82503 1.69326
2.73132 1.53808
2.84418 1.69713
2.49441 1.19689
2.26234 0.876416
2.98005 1.88848
1.90174 0.360399
1.98648 0.514248
2.04302 0.581453
1.89149 0.33094
2.93904 1.81518
3.09716 2.04902
2.60229 1.3843
2.92697 1.85425
2.24505 0.873262
2.16548 0.737429
3.0985 2.07104
2.07872 0.611475
2.78263 1.62549
2.25268 0.842285
2.0143 0.554204
2.19074 0.795207
2.41079 1.07238
2.16951 0.740891
2.26622 0.896653
2.32568 0.932516
2.14562 0.718861
3.1002 2.07175
1.94766 0.417003
2.58872 1.33883
2.80084 1.6327
3.16659 2.1603
1.79735 0.251202
2.91717 1.81537
2.83295 1.67902
1.95507 0.443822
2.07159 0.598264
1.83281 0.245608
1.80586 0.241082
2.84328 1.70087
2.39439 1.07393
2.52401 1.23052
2.31296 0.942791
3.09023 2.0303
2.23216 0.854815
2.77919 1.61862
2.26683 0.873514
2.8751 1.76094
2.92594 1.83721
3.07342 2.02102
2.63765 1.39407
2.34243 1.00148
2.14417 0.70319
2.94879 1.84813
3.07492 2.00081
1.82203 0.273025
2.5975 1.35012
2.12051 0.696941
2.62921 1.40222
2.32769 0.97624
2.06773 0.604483
3.00555 1.91916
3.15728 2.15877
2.42213 1.12023
2.06572 0.604241
2.68544 1.45095
2.57814 1.35041
3.02123 1.92148
1.89988 0.368922
2.47377 1.16718
3.16061 2.12443
2.69488 1.49745
2.40701 1.07491
2.98276 1.94511
2.5377 1.27677
1.95004 0.452968
2.43267 1.12308
2.42686 1.07842
2.62836 1.39021
2.1237 0.667649
2.8821 1.76252
2.01552 0.501889
1.81383 0.281388
2.61389 1.38306
2.0992 0.647924
2.9518 1.86898
2.47257 1.15775
3.11851 2.07058
2.41994 1.07959
2.41413 1.10574
2.97916 1.88014
2.37773 1.0461
2.06998 0.616242
1.85885 0.311728
2.02607 0.573677
2.1987 0.795981
2.99598 1.88851
2.17169 0.759732
1.92187 0.419655
3.17379 2.18047
2.16986 0.768286
2.33638 0.982915
2.41091 1.09853
1.78204 0.214021
2.04848 0.565728
2.4476 1.17308
3.07191 2.01685
2.31258 0.964787
3.05148 2.00766
2.88428 1.76374
2.89176 1.77549
3.04378 1.99432
2.13924 0.738466
2.14607 0.681449
1.95073 0.476202
2.13864 0.712635
2.85509 1.72999
2.63131 1.40464
2.16116 0.729005
2.67803 1.4595
2.07608 0.60371
1.95478 0.450205
3.13533 2.10418
3.07536 2.03404
2.95351 1.86405
2.41414 1.08316
2.49255 1.18263
1.99086 0.50809
2.12346 0.664191
1.98431 0.492728
2.87882 1.73085
2.46807 1.17608
3.11945 2.09301
2.36365 1.04588
2.43547 1.13073
3.12224 2.08597
3.04242 1.9999
2.97968 1.8822
2.80899 1.65102
3.02875 1.95396
2.70924 1.52039
2.78388 1.60804
2.61581 1.38063
2.30723 0.946082
2.12142 0.671168
2.34178 0.985455
2.04201 0.546838
2.7363 1.54925
2.84213 1.69847
2.84332 1.6837
1.8002 0.26755
3.19801 2.18993
3.13341 2.11198
2.84634 1.69902
2.60516 1.35773
3.19818 2.1925
3.1261 2.09847
2.88259 1.77284
2.61785 1.3847
2.24645 0.888907
2.78931 1.61035
2.86268 1.74492
2.19656 0.786717
1.91778 0.437617
2.00974 0.502896
3.05045 1.99114
1.92564 0.410852
2.15032 0.687129
2.25984 0.866542
2.63873 1.36565
2.42037 1.08953
2.22868 0.832847
2.87932 1.75805
1.86833 0.320298
3.18789 2.19349
2.62721 1.41714
3.17223 2.16037
2.56019 1.29641
2.21803 0.802361
1.94672 0.410891
2.96105 1.89039
2.81726 1.66856
2.89337 1.74233
2.83271 1.67681
2.51909 1.24515
2.87143 1.71867
2.08786 0.665214
2.49805 1.24604
2.31185 0.955385
2.53778 1.27844
3.13306 2.0916
2.79887 1.65519
2.82814 1.67622
3.0821 2.0478
2.04441 0.60031
2.23249 0.827718
2.08956 0.636802
3.14817 2.14587
2.74394 1.54565
2.71202 1.54472
2.10583 0.659992
2.22809 0.817662
3.07229 1.99388
2.76953 1.58283
2.92408 1.82154
1.94512 0.422631
1.97365 0.472222
2.55016 1.28562
2.30908 0.947305
1.94743 0.396073
3.11234 2.05984
3.02039 1.94567
2.52062 1.23405
2.42938 1.10501
3.09643 2.04665
2.77497 1.6264
2.4271 1.12902
3.1193 2.07014
3.05309 2.01526
2.53108 1.2659
2.82855 1.71813
1.89842 0.362127
2.85334 1.71984
3.09593 2.06468
3.12928 2.08581
3.12516 2.07834
2.15499 0.709355
2.77237 1.57919
2.81718 1.65437
2.57497 1.31503
1.78688 0.223026
2.13335 0.704468
2.37268 1.02517
2.80095 1.66236
3.11218 2.09929
2.63824 1.42704
1.86809 0.321415
2.05805 0.579387
2.99478 1.87007
2.44887 1.16591
2.08331 0.621948
3.18383 2.14655
1.86291 0.290922
2.76466 1.57909
1.77832 0.220612
2.49409 1.20893
3.09229 2.02694
2.8872 1.76873
2.33397 0.998245
2.03401 0.548346
2.06211 0.591384
2.63625 1.41595
2.86963 1.71225
2.45856 1.13261
2.76 1.56573
2.48415 1.15367
2.78546 1.61884
2.98185 1.90421
2.73796 1.55787
2.3237 0.950021
3.09573 2.04409
2.72 1.52321
2.46819 1.1658
2.70203 1.51135
2.82107 1.69175
2.34731 1.00049
3.06488 2.0039
2.41204 1.10808
2.62218 1.34989
2.60287 1.3779
2.69118 1.47789
1.91014 0.407989
2.86607 1.7519
1.96902 0.452364
1.80063 0.220214
2.74992 1.55878
2.56834 1.30054
1.99624 0.493931
2.8783 1.73058
1.92054 0.366108
2.99131 1.8971
2.07892 0.606003
2.1113 0.675332
2.27366 0.88899
3.00714 1.95486
2.9506 1.83043
1.96348 0.453009
3.02043 1.97438
1.90543 0.358229
2.44568 1.12641
2.75493 1.57629
2.84161 1.68932
2.36601 1.01974
2.71586 1.50744
2.37848 1.01791
2.60361 1.34106
2.44523 1.12124
2.49972 1.21989
2.39424 1.0757
2.0563 0.585105
3.14899 2.15935
2.71671 1.51127
2.80895 1.6422
2.48341 1.17616
2.79356 1.62502
1.98943 0.525451
2.94511 1.84185
3.19333 2.18919
2.4362 1.09732
2.55212 1.31871
2.21487 0.794977
2.1169 0.67071
2.11685 0.681795
2.94607 1.84904
2.69616 1.45532
2.12796 0.670097
2.53627 1.25734
2.15706 0.704458
2.73012 1.55806
3.14312 2.12187
2.18721 0.7577
2.03204 0.541344
3.19574 2.18682
1.87217 0.329694
2.17795 0.758057
2.07206 0.654598
2.0521 0.550674
2.69771 1.46515
2.94987 1.85051
3.17981 2.17745
2.98954 1.90738
2.97116 1.83964
1.80252 0.243457
1.98511 0.500218
2.56073 1.28571
2.11879 0.694956
2.52957 1.25292
2.03179 0.561323
2.89935 1.75719
3.10636 2.07624
2.47539 1.15769
1.85933 0.269594
1.91059 0.403694
1.81781 0.245096
2.92105 1.77888
2.11355 0.668232
2.55175 1.28738
3.00633 1.94433
2.55704 1.31535
1.85373 0.324935
2.80402 1.6518
2.31533 0.930577
1.90423 0.356479
2.68871 1.47721
2.43285 1.11965
2.98063 1.87297
1.89054 0.347373
2.262 0.919164
2.481 1.18416
2.4159 1.06969
1.83484 0.260896
2.77873 1.61069
2.71176 1.50919
3.16499 2.14201
3.17895 2.15157
2.44498 1.15083
2.15381 0.72457
3.12632 2.12066
2.51281 1.23315
3.04519 1.97346
2.39386 1.07429
1.94177 0.421096
1.77515 0.209746
2.37563 1.05913
2.45705 1.14364
2.40429 1.11659
2.77786 1.61885
3.10562 2.07353
2.765 1.58075
3.12683 2.12289
1.8634 0.355272
2.47002 1.17431
2.53742 1.25554
2.09677 0.654453
2.46474 1.17217
2.00338 0.496604
2.2427 0.854446
2.41425 1.07852
2.01575 0.510907
2.51889 1.22498
2.34874 1.00872
2.69222 1.49312
2.91541 1.78634
3.16542 2.15745
2.83716 1.67151
3.18565 2.1794
2.96078 1.85975
3.12237 2.07941
2.36489 1.00937
2.07806 0.622756
2.40989 1.10905
2.23831 0.824311
2.33675 0.962767
2.78458 1.6237
1.95983 0.436281
2.83667 1.65723
1.98788 0.474264
1.90279 0.3573
2.26568 0.922355
2.95186 1.84282
2.18719 0.791333
2.39703 1.0708
2.08619 0.63499
3.20088 2.14869
1.94817 0.470262
2.50218 1.21384
2.4859 1.19194
2.92322 1.796
2.37674 1.05178
2.86274 1.74442
3.06768 1.98691
3.15911 2.12026
2.42068 1.10807
2.41238 1.09848
3.15334 2.14247
2.97126 1.87928
2.51892 1.21911
2.76246 1.59533
2.07494 0.626496
1.82025 0.276895
2.82147 1.6862
1.99685 0.498412
2.90816 1.79273
2.59581 1.3636
2.30454 0.948903
2.90341 1.77447
2.0856 0.622025
2.04398 0.563978
2.76263 1.59305
3.11286 2.08916
1.85194 0.311951
2.84805 1.70706
2.89204 1.79192
2.30023 0.955673
2.01422 0.536331
1.8168 0.274046
2.03942 0.540503
1.9553 0.460112
2.58089 1.30165
2.9728 1.88398
2.29292 0.938983
2.56485 1.29807
2.85174 1.71517
2.63656 1.41711
2.75015 1.57976
2.96575 1.84788
2.20009 0.767142
2.81057 1.66957
2.02468 0.551999
3.07285 2.01652
1.92621 0.373104
2.23234 0.832585
3.10701 2.06577
2.94349 1.85569
2.93674 1.82754
3.0252 1.94743
2.14276 0.707038
1.84625 0.300159
2.95985 1.85483
2.44946 1.16766
2.80021 1.66669
2.29013 0.928094
2.94972 1.86095
2.76145 1.57724
2.33655 0.995907
3.00904 1.96499
2.37559 1.05423
2.79127 1.65389
2.00574 0.534757
2.79807 1.63892
2.25849 0.894124
3.05919 1.98489
2.75701 1.60035
1.90651 0.367704
2.47155 1.1848
2.98175 1.87168
2.12809 0.741327
2.95065 1.86933
2.46322 1.14786
2.5732 1.31313
2.17366 0.724576
1.91525 0.391629
2.69829 1.47104
2.4761 1.20211
2.751 1.54531
2.86839 1.73255
2.22017 0.818046
2.95781 1.82572
2.27499 0.880132
2.72416 1.54293
3.12653 2.12514
2.84421 1.68078
1.91773 0.374539
2.43308 1.09988
2.88526 1.77649
2.16351 0.757757
2.96906 1.89006
2.43308 1.12779
2.04189 0.574856
1.87717 0.327901
2.03755 0.567384
1.99804 0.538387
2.15298 0.694352
1.77438 0.218659
2.39362 1.05727
1.89095 0.350654
3.10187 2.05665
2.71436 1.50958
2.07139 0.608134
2.00129 0.496555
3.16189 2.17032
2.87467 1.73029
2.3746 1.04067
2.5891 1.33597
2.2262 0.83128
2.31692 0.953241
