2.47484 1.17906
2.69639 1.49013
2.31375 0.950681
2.32583 0.967085
1.97525 0.475865
2.50461 1.22429
1.87326 0.332356
2.35797 1.01403
3.07307 2.01899
2.44539 1.13851
2.87487 1.74216
2.99203 1.909
2.71825 1.52239
2.09203 0.642216
2.95588 1.85885
2.43331 1.12213
3.05635 1.99715
1.94917 0.438432
2.0297 0.551014
2.53063 1.25674
2.42521 1.10936
2.11957 0.675731
2.53634 1.26502
2.39471 1.06457
2.63061 1.39689
2.87561 1.74402
2.80984 1.64757
2.17114 0.751526
2.91989 1.80498
2.86487 1.72741
2.68747 1.47675
2.81351 1.65582
2.66996 1.45277
2.47255 1.17807
2.93436 1.82676
2.61251 1.37157
1.91708 0.392276
3.04248 1.97875
2.43927 1.12859
1.83606 0.279939
2.74916 1.56557
1.93403 0.415903
1.94878 0.440257
2.20723 0.799847
3.18085 2.17537
2.46481 1.16366
2.81062 1.65091
3.083 2.03521
2.39908 1.07207
2.45495 1.15127
2.28714 0.912166
1.99774 0.507397
2.246 0.853408
2.40565 1.08144
2.8874 1.76003
1.8112 0.245279
2.19002 0.779105
3.04468 1.97972
2.81703 1.66269
3.07949 2.03241
2.09093 0.638909
2.69213 1.48471
2.52142 1.24307
2.09141 0.640274
2.27823 0.90007
2.76763 1.5912
2.88897 1.76524
3.19669 2.19178
3.02825 1.95566
2.31109 0.949392
2.42992 1.11616
3.13384 2.10754
3.07915 2.02673
1.86987 0.32517
3.06975 2.01423
2.92608 1.81373
3.06284 2.00559
2.35676 1.0118
2.5996 1.35205
2.17052 0.746626
2.78001 1.60834
2.0064 0.518364
2.69345 1.49137
2.86004 1.71907
2.27339 0.892292
3.14845 2.13016
2.57179 1.31339
2.02694 0.54641
2.40554 1.08161
2.90717 1.78645
2.81889 1.66465
2.80227 1.63889
3.15386 2.13558
2.64365 1.41656
2.6607 1.44104
2.21752 0.818297
3.12216 2.0919
2.52045 1.24357
1.80044 0.22692
2.28725 0.914213
2.59713 1.35213
2.15463 0.726546
3.11032 2.07693
1.94311 0.429027
2.09459 0.644868
2.4439 1.13499
2.56042 1.30033
2.69725 1.48955
2.83525 1.68426
2.15673 0.727113
2.38963 1.0583
2.48561 1.19537
2.9176 1.80158
1.99419 0.501291
1.80636 0.238177
1.81524 0.251117
1.87975 0.33993
3.11083 2.07207
2.91514 1.80036
2.57925 1.32627
1.9582 0.451358
2.9412 1.83485
2.99385 1.91143
3.13599 2.11104
3.15272 2.13209
1.83917 0.282206
3.06436 2.00941
1.93518 0.419175
2.95149 1.85261
2.00988 0.527228
3.07716 2.0278
2.89305 1.76887
1.80436 0.233277
2.47363 1.17709
2.09723 0.64703
1.86934 0.323381
2.30425 0.937504
1.89635 0.364641
1.80179 0.232156
2.91072 1.79049
2.6301 1.39758
2.26086 0.876666
2.52649 1.25054
2.66456 1.44615
2.77044 1.59799
2.27839 0.902917
2.92596 1.81357
2.41927 1.09935
2.45352 1.15048
3.1127 2.07305
2.20818 0.800698
2.10616 0.659101
2.47083 1.1724
1.90429 0.373785
3.14176 2.11667
2.6485 1.42472
3.03463 1.9677
2.96447 1.86903
3.17064 2.15869
2.732 1.54288
3.17007 2.15783
2.93549 1.82884
1.86794 0.319743
1.8738 0.333509
3.17394 2.16224
3.17577 2.16526
3.15241 2.13195
3.19998 2.19907
2.56546 1.30954
3.12507 2.09444
2.45166 1.14565
3.01974 1.94906
2.71833 1.52098
2.83652 1.68762
2.58947 1.34294
2.61386 1.37431
1.90855 0.38382
2.0397 0.56475
2.73849 1.5507
2.08659 0.632228
2.08719 0.632761
2.26906 0.889896
2.68691 1.48048
2.06331 0.601744
2.57517 1.31833
2.32117 0.960379
2.81533 1.65598
2.12463 0.684115
2.95022 1.84895
2.97562 1.8844
2.03264 0.555266
1.79893 0.226662
2.35216 1.00385
2.92731 1.81582
1.83157 0.27459
2.9888 1.89911
2.63041 1.39789
1.86257 0.31524
2.9967 1.91065
2.34793 0.997437
2.69625 1.48917
2.42594 1.10899
2.4927 1.20531
2.06147 0.597563
1.80325 0.233898
2.02461 0.544807
2.12872 0.690107
2.56222 1.30078
3.05972 2.00401
2.92071 1.80551
2.53383 1.2614
2.54371 1.27657
1.90506 0.375249
1.97048 0.468089
2.58893 1.33935
2.09365 0.641457
2.09244 0.64072
2.34061 0.987942
2.43568 1.12467
1.96242 0.455409
1.98905 0.491257
2.62131 1.38511
2.00198 0.513981
2.50664 1.22366
2.21753 0.815496
2.90061 1.77788
2.51604 1.23751
2.25963 0.874344
2.36552 1.02438
2.64051 1.41097
2.02658 0.550747
3.08311 2.03448
2.92548 1.81553
2.31067 0.94683
2.51637 1.23838
2.45735 1.15642
2.15762 0.731145
2.77849 1.60628
2.2686 0.889126
3.10142 2.06249
2.2997 0.929686
1.78331 0.206025
2.16288 0.736991
3.05123 1.99086
2.5672 1.30714
1.79182 0.215269
2.31251 0.944768
3.18324 2.17921
2.09211 0.639019
2.30225 0.93354
2.85975 1.71912
3.01727 1.94101
3.14513 2.12551
3.1076 2.07033
2.36039 1.01716
2.35628 1.01217
1.78126 0.200444
3.07756 2.02819
2.72883 1.53611
1.93403 0.418998
2.10808 0.658994
3.12464 2.09426
1.7931 0.220163
2.0226 0.542579
2.22573 0.828248
2.91847 1.8044
2.40812 1.08368
2.21972 0.818855
1.92651 0.407405
2.69318 1.48575
2.90359 1.78185
3.11693 2.08236
2.32926 0.972025
2.54052 1.26934
3.04937 1.9856
2.11808 0.675616
1.94641 0.433184
2.29696 0.930554
2.31659 0.959054
3.10792 2.06816
2.26419 0.88453
2.84364 1.69693
3.03988 1.97558
1.93001 0.413816
1.98176 0.483421
2.28146 0.907688
1.82558 0.263925
2.5025 1.21948
2.71132 1.51115
1.95293 0.443143
2.99082 1.90828
3.0134 1.93551
2.96564 1.87112
2.92604 1.81339
2.27575 0.897172
2.10285 0.654728
2.75107 1.56736
2.68502 1.47271
2.07259 0.613318
2.56278 1.299
1.79377 0.218466
2.40025 1.07111
2.72074 1.52419
3.02973 1.95929
1.87672 0.333017
2.4618 1.16117
2.35943 1.01597
2.67123 1.45705
2.09256 0.637201
2.31619 0.956376
1.89288 0.358242
3.1588 2.14427
1.78106 0.199904
3.17013 2.16158
2.56623 1.30539
2.59542 1.34655
2.72289 1.52448
1.99448 0.502131
2.64979 1.42349
2.24341 0.853431
2.24528 0.854489
2.17661 0.757776
1.92708 0.409681
2.54974 1.28425
2.79045 1.62266
2.63412 1.40404
2.51338 1.23301
3.08081 2.03126
2.81431 1.65488
2.5241 1.24672
2.8209 1.66765
3.15552 2.14054
2.81781 1.66121
2.01637 0.534523
2.22177 0.820758
3.0792 2.02822
2.57089 1.3133
3.11064 2.07567
2.1369 0.701578
2.63945 1.40774
2.28586 0.912767
2.8061 1.64702
3.09268 2.05133
3.02857 1.95975
1.90557 0.37491
3.15057 2.12916
2.96761 1.87438
2.2661 0.882737
2.84765 1.69944
2.73069 1.5381
3.10849 2.07
2.49378 1.20764
2.18977 0.776666
2.86365 1.72592
2.781 1.6138
2.19355 0.781181
3.12902 2.10013
2.72501 1.53001
1.91589 0.392615
2.60023 1.35513
2.27574 0.898057
2.93164 1.8216
3.10409 2.06619
2.69248 1.4842
2.55654 1.29497
2.65894 1.43825
1.83405 0.2748
3.02536 1.95482
2.1895 0.775344
2.67522 1.46034
1.81328 0.246387
2.0686 0.603442
1.8461 0.293623
2.32255 0.965511
2.39824 1.06947
2.42449 1.10719
1.79247 0.216878
2.88111 1.74987
2.42544 1.10747
2.64782 1.42073
2.82243 1.66998
1.82756 0.267904
2.13555 0.699676
3.05986 2.00459
2.1142 0.671259
1.9124 0.383706
1.8881 0.350598
1.82732 0.267688
2.47577 1.1828
2.63438 1.40264
2.04903 0.580402
2.74912 1.56324
2.84963 1.70549
2.67834 1.46405
2.5136 1.2335
2.09804 0.648006
1.88447 0.344367
1.96226 0.456991
2.64514 1.41961
2.2952 0.92446
2.60878 1.36843
3.01443 1.94147
3.04261 1.97712
1.88641 0.350685
2.95588 1.85521
1.9669 0.464944
3.13555 2.10806
2.84234 1.69731
2.75882 1.57753
2.02168 0.540316
2.66801 1.44999
1.85221 0.301607
2.25769 0.874671
2.79004 1.62273
2.55954 1.29706
3.06302 2.00605
2.32625 0.967312
2.86921 1.73512
3.16772 2.1554
2.73429 1.54566
2.54892 1.28215
2.65818 1.43833
2.38627 1.0552
2.34979 1.00406
2.51758 1.23687
3.16328 2.14885
2.2549 0.870685
3.17324 2.16324
2.05969 0.592613
2.68815 1.48147
2.12701 0.688143
2.10929 0.664849
3.05476 1.9972
3.11471 2.08177
2.85066 1.707
2.02097 0.542146
2.43839 1.12586
2.86432 1.7267
3.01824 1.94412
2.2951 0.926727
2.73864 1.54796
3.06868 2.01357
1.83297 0.273963
1.98747 0.49275
2.65174 1.42679
2.83318 1.67905
3.18246 2.17508
2.20941 0.800937
2.39756 1.07347
2.4089 1.08559
2.9307 1.82023
2.6746 1.45921
2.53249 1.25924
2.24859 0.860605
2.33837 0.98921
2.7854 1.61531
2.77596 1.60422
2.30612 0.939253
2.91006 1.79144
1.92014 0.400486
1.85018 0.295443
2.48479 1.19432
1.98619 0.490422
2.4985 1.20956
2.33619 0.983021
2.65516 1.43243
2.70936 1.5085
2.58963 1.3395
2.44596 1.13984
3.14775 2.12579
2.77876 1.60868
2.91041 1.79114
1.85266 0.302769
2.71952 1.522
2.39602 1.06594
2.47155 1.17387
2.00748 0.51766
1.80397 0.233089
1.91652 0.392968
2.2923 0.92538
1.89024 0.354417
2.96171 1.86563
1.82367 0.263338
2.38764 1.05378
2.74562 1.55684
1.91665 0.39476
3.02289 1.95013
2.51379 1.23223
1.89767 0.368157
3.09945 2.05974
2.6308 1.39659
1.97062 0.470604
2.6304 1.39996
3.04114 1.97397
3.00235 1.91714
2.28131 0.909354
2.9107 1.79193
2.67998 1.46665
2.99931 1.91777
2.32096 0.961604
2.00625 0.514053
2.34007 0.986067
2.23566 0.845552
2.30043 0.934247
2.21922 0.82037
2.57005 1.31518
2.20011 0.792349
2.67597 1.46197
1.99432 0.500318
2.97593 1.88371
2.57851 1.32454
1.83699 0.281816
2.4778 1.18374
2.81343 1.65562
2.77598 1.60517
1.93672 0.418451
1.98173 0.488155
2.75179 1.56825
2.70816 1.50646
1.86681 0.325307
2.9974 1.91379
2.04902 0.581129
2.66958 1.45079
2.05042 0.582326
1.99272 0.499599
2.46518 1.16806
2.43435 1.119
2.17296 0.754501
3.15013 2.12718
1.84559 0.291595
2.61202 1.37237
3.08783 2.04191
1.81378 0.246849
2.72938 1.53533
3.01099 1.935
2.81353 1.65763
3.17021 2.15968
2.43718 1.12655
2.26368 0.882974
2.55823 1.29897
2.49492 1.20413
2.95437 1.85274
3.12214 2.09118
3.07879 2.02992
2.31898 0.962893
1.90344 0.374921
1.9396 0.427191
2.04258 0.568401
2.16862 0.748456
2.87388 1.7403
2.55301 1.28977
2.70273 1.49868
2.64696 1.42082
2.3346 0.980872
2.78606 1.61791
2.4072 1.08071
2.69804 1.49267
3.01139 1.93472
2.73046 1.53794
2.81013 1.64673
2.45593 1.15268
3.13059 2.1016
1.95134 0.442078
2.99598 1.90911
2.77184 1.59657
2.76509 1.58637
2.91631 1.79993
2.13865 0.703779
2.8974 1.7735
2.33675 0.983431
2.2363 0.845545
1.90682 0.378386
3.01911 1.94742
2.29555 0.922332
2.85286 1.70741
2.87448 1.74253
2.72766 1.53363
2.23522 0.843171
2.56257 1.30259
2.80605 1.64181
2.24912 0.859046
2.43559 1.12333
3.15981 2.14551
3.10419 2.06481
2.3344 0.980491
2.92127 1.80528
3.09728 2.05411
2.31305 0.954279
3.15649 2.13866
3.07874 2.02753
2.1196 0.677383
2.38163 1.04726
2.15314 0.726526
2.82023 1.66657
3.06419 2.00884
2.67132 1.45668
3.04646 1.98459
3.06463 2.00979
1.97026 0.466208
2.98247 1.89389
3.03396 1.96253
2.00907 0.523984
3.10546 2.06722
2.13219 0.698197
2.39001 1.05904
2.74406 1.55731
2.37055 1.03443
2.44398 1.13329
2.9965 1.91249
2.20868 0.801278
2.94643 1.84261
3.05727 1.99797
2.2412 0.84848
3.0336 1.96488
1.79275 0.217523
2.06915 0.608597
2.6313 1.40005
1.95952 0.452806
1.96723 0.462263
2.12617 0.687493
2.33811 0.98382
1.81205 0.245286
2.34287 0.991877
2.54546 1.27777
2.36544 1.02554
2.5601 1.29779
2.1436 0.714089
2.66229 1.44481
2.27385 0.894943
2.79598 1.62994
2.00384 0.515382
2.9386 1.83285
2.25122 0.864605
1.85889 0.312342
3.02476 1.95427
2.16053 0.736112
3.12225 2.09246
2.83881 1.69408
2.2365 0.84512
1.85532 0.30509
2.44584 1.14053
2.77909 1.60772
2.29374 0.923531
2.71293 1.51457
2.95889 1.86064
2.10123 0.653617
2.91915 1.80353
1.8754 0.333747
2.98808 1.89914
1.96335 0.456405
3.03107 1.96313
2.93001 1.82265
2.25129 0.862992
2.81302 1.6551
2.53387 1.26239
3.06741 2.01333
2.87044 1.73512
2.52022 1.24146
3.17142 2.16071
2.38642 1.05218
2.87694 1.74376
3.00145 1.92055
2.29034 0.921975
2.46057 1.15789
2.44083 1.13076
2.56001 1.30041
2.21962 0.820191
2.78936 1.62323
2.85661 1.71592
2.34137 0.991129
2.13421 0.69894
2.24943 0.861092
1.87896 0.339545
2.6502 1.42441
3.02245 1.95062
2.14981 0.720682
2.02117 0.541431
1.8778 0.339043
2.49734 1.21219
3.16659 2.15049
2.30135 0.935519
1.87404 0.331839
2.83032 1.67422
2.57769 1.32578
1.88927 0.353558
2.99399 1.91037
2.96495 1.86766
2.52628 1.24908
2.18234 0.767792
2.5751 1.31932
2.50385 1.21816
2.82366 1.6682
2.84528 1.70129
2.17414 0.753671
2.33868 0.98668
1.92686 0.40679
2.27736 0.902014
1.8673 0.321019
2.19408 0.781055
2.43811 1.12692
2.459 1.15599
1.85969 0.311959
3.15993 2.14405
1.94141 0.429908
2.01974 0.533838
2.24765 0.860046
2.70747 1.50855
2.13416 0.699315
1.83971 0.284212
3.20022 2.19936
2.68681 1.47947
2.55165 1.28529
2.16574 0.744375
2.88617 1.75762
1.95993 0.453174
2.1257 0.688617
2.71514 1.51755
2.08649 0.631449
2.31252 0.94967
2.48729 1.19701
1.95707 0.450526
2.34717 1.0008
3.02384 1.95171
2.02867 0.547141
1.7933 0.218741
1.78924 0.21409
2.6171 1.37782
2.71381 1.51612
2.96181 1.86332
3.0414 1.97931
1.97985 0.479733
2.25882 0.875739
1.81752 0.253876
2.61678 1.37978
2.47203 1.17618
2.43778 1.12519
2.2637 0.882913
2.73755 1.54842
2.43914 1.12833
2.96854 1.87435
3.01233 1.93827
3.13101 2.10274
2.06948 0.608897
2.56938 1.31257
2.45364 1.14633
2.64242 1.41223
2.70361 1.5022
2.71746 1.52433
1.79572 0.222638
3.03415 1.97077
2.17592 0.756319
2.46812 1.16956
2.92342 1.81085
1.84704 0.295219
2.49833 1.21154
2.73315 1.54153
2.97824 1.88937
2.58087 1.32901
2.12413 0.684889
1.88725 0.350821
2.24697 0.857631
2.1797 0.763237
2.89268 1.76729
3.09708 2.05438
2.75945 1.58046
2.10412 0.658491
2.99693 1.91769
2.77901 1.6072
2.55602 1.29357
3.01093 1.93051
2.88629 1.75763
3.00714 1.92723
1.97976 0.480872
2.45317 1.14724
2.29178 0.921752
2.94826 1.84646
2.66792 1.44813
2.46757 1.16846
2.97666 1.88491
2.87632 1.74319
3.16985 2.15826
2.12661 0.687543
1.95186 0.441377
2.03211 0.557844
2.16467 0.740374
2.74824 1.56339
1.81165 0.245152
2.39534 1.07
2.7079 1.50779
2.43615 1.12313
1.86269 0.31643
2.63541 1.40296
3.17963 2.17067
3.06845 2.01557
2.92931 1.81972
2.14959 0.720305
3.12284 2.09201
2.90213 1.7779
3.0406 1.97589
1.9863 0.488844
3.0944 2.04933
2.43591 1.1246
2.25594 0.869769
1.8649 0.320419
2.17565 0.755624
2.28041 0.903325
2.22445 0.829729
1.82606 0.265222
3.02455 1.95679
2.98932 1.90307
2.34643 0.996765
2.63809 1.40916
1.80579 0.23581
2.54852 1.28151
2.71359 1.51271
2.48991 1.19863
3.16684 2.15202
2.58589 1.33593
2.04466 0.570294
2.17027 0.750963
2.8243 1.6699
2.77675 1.60166
2.84476 1.69772
2.937 1.82785
2.01949 0.542539
2.71792 1.51818
2.26917 0.888624
2.22055 0.820851
2.32605 0.970527
3.00853 1.93225
2.06715 0.602151
2.82643 1.67511
2.78835 1.61953
2.45134 1.14536
2.76124 1.58232
2.03041 0.551424
2.78805 1.62018
2.97615 1.88398
3.06227 2.00476
2.11125 0.667268
3.13878 2.11568
2.04763 0.574456
2.30225 0.934159
2.05639 0.588636
3.10598 2.0656
1.94926 0.439926
2.74869 1.56596
3.0564 1.99929
2.45745 1.15696
2.74391 1.55877
2.36005 1.01779
2.21709 0.815982
2.18266 0.765364
2.81908 1.66655
2.75704 1.57711
2.48342 1.18998
3.14668 2.12627
2.83717 1.68858
2.70282 1.50422
2.98274 1.89299
2.9338 1.82908
1.83601 0.278883
2.3885 1.05905
2.77994 1.60862
2.62116 1.38544
2.26154 0.879475
3.10927 2.07358
2.25641 0.87082
2.14495 0.712901
3.10351 2.06547
1.94512 0.430953
2.29816 0.928824
1.95917 0.450079
3.05779 1.99585
1.87892 0.342271
2.74087 1.55318
2.50276 1.21591
1.91728 0.393725
2.87541 1.74181
2.91228 1.79268
2.13602 0.701363
3.07312 2.02202
2.68049 1.46908
2.3811 1.04224
2.27964 0.904105
2.82963 1.67663
2.69381 1.48668
2.50648 1.22046
2.82038 1.66633
2.99612 1.91165
2.54801 1.28071
2.79677 1.63289
2.40058 1.07242
1.85444 0.302731
2.76158 1.58331
2.02178 0.546435
1.79792 0.225619
1.96261 0.45931
2.11421 0.669125
2.13271 0.694166
2.63653 1.40286
2.85055 1.70909
1.83736 0.280009
3.19755 2.1963
2.73321 1.54265
2.98323 1.89699
2.20425 0.800959
2.30716 0.939669
2.13812 0.705855
2.29892 0.932137
2.90267 1.78421
3.14678 2.12787
2.43705 1.12365
2.56912 1.31072
2.69419 1.48771
3.07111 2.0162
2.51992 1.24306
1.78568 0.208787
2.33106 0.974957
3.14865 2.12866
2.28848 0.912157
2.90508 1.78278
3.00757 1.92943
2.12461 0.6851
2.60191 1.3561
2.05811 0.592105
1.8939 0.360565
2.90168 1.78191
2.46042 1.15675
1.99096 0.498217
2.76341 1.58347
3.18106 2.17201
1.88477 0.34737
2.03833 0.563143
1.95261 0.442189
2.25899 0.871531
2.6732 1.45653
2.78761 1.61772
1.97239 0.472067
2.20396 0.797648
2.13076 0.695464
2.51852 1.24074
1.86539 0.317455
2.31198 0.950495
2.93396 1.82692
1.95522 0.445137
2.23664 0.840486
2.16185 0.736336
2.1325 0.696709
1.9816 0.480086
2.33657 0.982616
2.18767 0.772061
2.53487 1.26388
2.84413 1.70095
2.75968 1.57796
2.76205 1.58041
2.02259 0.540921
1.87111 0.330641
2.1359 0.704296
1.90354 0.375189
2.31862 0.962491
1.78309 0.204557
1.80726 0.238543
2.36202 1.02014
2.78586 1.61763
2.36624 1.0249
2.32252 0.960671
2.19756 0.787567
2.31786 0.955938
1.96363 0.459991
2.3546 1.01008
2.02375 0.542595
2.23518 0.841705
2.46791 1.16875
2.77591 1.60228
2.37133 1.03201
2.10354 0.65695
2.72931 1.53753
2.37636 1.03806
2.91674 1.79624
2.80106 1.6402
2.30076 0.931385
2.74983 1.56472
1.83884 0.284168
2.37851 1.04104
2.18796 0.778202
2.94238 1.83851
1.92206 0.39942
2.8582 1.71998
2.09977 0.650154
3.09254 2.0469
1.83827 0.281625
2.81673 1.65716
2.00265 0.514755
2.06804 0.605917
1.96661 0.461968
2.05332 0.586919
2.80757 1.6441
2.00628 0.518365
2.36773 1.03031
2.48542 1.19377
2.70063 1.49468
1.82257 0.259392
2.88752 1.76199
2.01845 0.534676
3.10585 2.06715
2.30538 0.938469
1.98064 0.481748
2.62925 1.39725
2.94806 1.84621
1.79066 0.214796
1.79769 0.227463
2.40303 1.07812
2.63384 1.40257
2.82566 1.67176
1.84737 0.296428
1.97257 0.47005
2.34018 0.989716
3.14677 2.12881
2.91173 1.79334
2.19387 0.786736
2.58154 1.32961
3.1462 2.12229
2.60988 1.36899
2.00554 0.519146
2.11442 0.67191
2.28763 0.910861
2.60042 1.35341
2.34607 0.997937
2.13117 0.692508
3.01322 1.93503
2.97155 1.87514
2.70973 1.51017
2.40363 1.07466
1.93888 0.425091
2.68414 1.47426
1.85309 0.302585
2.89272 1.76456
2.77392 1.60239
2.46459 1.16663
3.09238 2.04947
2.03236 0.554925
2.02523 0.543281
2.87074 1.73642
2.807 1.64847
1.99594 0.503771
2.06157 0.595446
1.9632 0.460056
2.83845 1.69242
2.91663 1.80012
1.99012 0.49427
3.07919 2.03107
2.21347 0.811037
1.89616 0.366215
2.60362 1.36126
1.94086 0.424979
2.39625 1.06543
2.41662 1.09521
2.19554 0.787067
2.27909 0.900164
2.2882 0.913988
2.51358 1.23237
2.76033 1.5799
2.57287 1.31481
2.80259 1.6401
2.55717 1.29459
2.72162 1.52495
2.49232 1.20063
2.15703 0.731616
2.23401 0.83479
2.39913 1.07306
2.57712 1.32256
2.47182 1.1747
2.86583 1.72998
2.97764 1.88793
2.38247 1.05101
3.04059 1.97534
1.92733 0.411536
2.75305 1.57149
2.35845 1.01394
2.91894 1.80222
2.71402 1.51343
3.11724 2.08238
2.36307 1.02155
2.38487 1.05055
1.87872 0.338344
3.18556 2.17918
2.41229 1.08968
2.95199 1.85045
2.66965 1.45154
2.48341 1.18816
2.20258 0.792208
2.85147 1.70807
2.27915 0.90528
3.07629 2.02526
2.30171 0.93442
2.81388 1.65643
2.02614 0.544306
2.36734 1.02718
1.93221 0.415648
2.93246 1.82468
2.07095 0.609858
2.90526 1.78395
2.2506 0.863028
2.54482 1.2771
3.0384 1.97113
2.07136 0.612264
2.0371 0.560796
2.77595 1.60134
3.1083 2.0712
2.59098 1.34495
1.89808 0.361993
2.67954 1.46647
2.58659 1.33773
2.35117 1.00449
1.83233 0.273714
2.729 1.53469
2.22258 0.820441
2.87283 1.73454
2.29033 0.916782
2.81075 1.64981
2.37827 1.04532
2.79273 1.6266
2.47443 1.17872
2.84798 1.70414
2.29089 0.919486
2.41015 1.08512
2.41731 1.09691
2.52402 1.24895
3.07456 2.02256
2.21107 0.807929
3.14258 2.11709
2.83001 1.67725
1.83894 0.282808
3.04176 1.97711
3.1724 2.16275
3.17993 2.17257
3.1527 2.13102
2.90131 1.78002
1.8646 0.320808
2.55849 1.29531
3.19601 2.19573
3.09041 2.04775
2.99501 1.90801
1.98697 0.490835
2.32521 0.969398
2.70078 1.49694
2.88882 1.76179
2.73757 1.54825
2.54777 1.28208
2.22624 0.827978
1.85342 0.30395
2.66664 1.44964
2.27749 0.900641
2.2152 0.815008
2.70939 1.50984
2.38707 1.05598
2.48095 1.18818
1.84029 0.285794
3.03343 1.96271
3.03335 1.96371
2.56297 1.30372
1.78834 0.213107
3.01141 1.93477
3.05822 1.99942
2.36591 1.02578
1.91959 0.396849
2.8301 1.67843
2.23243 0.838626
2.34624 0.995483
2.70635 1.50532
2.76868 1.58905
2.35621 1.01136
3.10743 2.07052
2.48676 1.1922
3.04309 1.97877
2.45029 1.14306
2.51474 1.23778
3.09008 2.0414
2.00813 0.521839
2.02613 0.546945
2.87995 1.7491
3.01065 1.93394
1.97659 0.474945
1.90487 0.376191
2.78512 1.61857
2.66295 1.44122
2.59406 1.34602
2.661 1.442
2.52542 1.24734
2.7484 1.56432
2.09664 0.644827
3.14551 2.12441
2.60752 1.36542
2.712 1.51297
1.85359 0.301236
2.98739 1.90355
2.01729 0.532707
1.88855 0.353668
2.72628 1.53246
3.0513 1.98891
2.73026 1.541
1.79029 0.214072
3.06328 2.00689
1.80621 0.235849
2.38246 1.04928
2.79477 1.62491
2.49455 1.20554
2.34121 0.991534
2.25421 0.86683
2.3845 1.05014
2.35966 1.01674
2.17099 0.752446
2.83241 1.68294
2.23183 0.837052
2.77971 1.60687
2.54857 1.28153
2.32794 0.969645
2.03654 0.562325
2.23553 0.839859
2.39027 1.0585
2.40237 1.07862
2.20367 0.796657
3.09446 2.04863
2.77506 1.60121
2.55124 1.28804
2.89786 1.77409
3.12027 2.08597
2.01017 0.524011
2.91877 1.80162
3.12555 2.09451
2.65388 1.43184
2.0236 0.542779
3.11855 2.08731
1.9164 0.392197
2.29094 0.919475
2.66299 1.44482
2.89935 1.77983
2.23796 0.845939
2.81809 1.66104
2.47948 1.1846
1.95573 0.447939
2.51772 1.23758
2.54678 1.278
2.79127 1.61899
2.14197 0.708169
2.09533 0.643578
2.27041 0.888857
1.87407 0.332996
3.16939 2.15636
2.00674 0.518767
3.06294 2.00491
2.49081 1.1979
1.86863 0.327232
2.48903 1.19778
2.61354 1.37315
3.068 2.01553
2.52078 1.24565
2.37324 1.03739
2.45202 1.14456
2.20037 0.793022
3.05358 1.9939
2.26459 0.885225
2.43631 1.12376
2.05161 0.582948
2.36727 1.02415
2.08009 0.623376
2.72748 1.53435
1.96779 0.463715
2.19046 0.779172
2.62098 1.38337
1.99897 0.505451
2.25349 0.867824
2.68631 1.47604
2.46944 1.17018
2.39809 1.06911
2.30579 0.944884
2.02798 0.550506
2.5362 1.26176
2.9504 1.84979
1.97373 0.471445
2.46301 1.1625
2.87723 1.74507
3.13394 2.10802
2.04886 0.574854
2.68874 1.48029
2.03018 0.555624
2.08152 0.623552
2.55413 1.29191
2.18776 0.774345
1.93111 0.411493
3.0424 1.98072
2.92455 1.81201
1.99268 0.497116
2.19387 0.782957
2.9599 1.86407
2.2307 0.830562
3.1548 2.13512
2.75431 1.5683
3.16324 2.1478
2.52196 1.24239
2.59085 1.34151
2.81951 1.66493
2.82918 1.67808
2.62945 1.39732
2.18702 0.772642
2.52286 1.24733
2.09224 0.639503
2.7261 1.53408
3.15801 2.14025
2.28751 0.914102
2.56348 1.30311
2.95268 1.85378
2.57411 1.31739
2.10333 0.656727
2.71121 1.51263
2.3019 0.934997
2.02336 0.545249
2.15283 0.725617
2.62252 1.38645
3.05527 1.99657
2.53427 1.26279
2.10817 0.663089
2.40843 1.08586
2.20838 0.80146
2.48841 1.19855
3.0877 2.0397
2.72166 1.52531
2.31427 0.950833
2.37214 1.03611
2.38697 1.05553
1.88097 0.341543
2.33074 0.975764
2.51459 1.23573
2.77629 1.60321
1.99747 0.507354
3.0397 1.973
2.99714 1.91406
2.35318 1.00681
1.80791 0.239928
1.90476 0.374949
1.87186 0.330772
2.16519 0.743636
2.42323 1.10663
2.05301 0.586202
2.88731 1.75969
2.00963 0.524625
1.99708 0.506714
2.91304 1.79627
2.54154 1.27104
2.89927 1.77766
2.74727 1.56314
2.11606 0.673219
1.89781 0.366336
2.12261 0.682433
1.84781 0.295098
2.70919 1.5096
2.87782 1.74589
2.64128 1.41456
2.13757 0.70247
2.97135 1.87499
2.52613 1.2506
2.25075 0.863358
2.5349 1.26596
1.92235 0.403276
2.02839 0.549695
1.93325 0.415108
1.9559 0.44828
1.86923 0.324115
2.073 0.614275
2.44132 1.13032
1.87311 0.332136
3.00812 1.93033
2.28062 0.90502
1.86016 0.308382
2.64645 1.42191
2.12722 0.687275
2.34892 1.00058
2.66773 1.45231
2.89581 1.77014
3.07279 2.02173
1.96107 0.457589
2.26724 0.890464
1.81288 0.246647
3.10556 2.06789
1.99893 0.511013
2.99821 1.91743
2.67113 1.45598
2.96664 1.87137
3.02324 1.9501
1.8322 0.272975
2.03014 0.549973
1.78467 0.208742
2.27896 0.903846
3.19615 2.19732
3.18799 2.18101
2.82782 1.67567
3.01292 1.93429
2.38523 1.05247
2.85424 1.712
1.79754 0.22466
2.41144 1.0877
3.15479 2.13789
2.13874 0.704022
2.16757 0.744732
2.39352 1.06472
2.0706 0.607996
3.18619 2.18072
2.78708 1.62137
2.40495 1.08052
3.02651 1.95825
2.43685 1.12821
2.76315 1.58687
2.02147 0.539409
3.13459 2.10822
2.67785 1.46594
2.5202 1.24543
2.61326 1.37257
2.87196 1.73743
2.51729 1.24076
1.89059 0.356625
2.6477 1.42465
2.40165 1.07381
3.00023 1.91926
2.73801 1.55124
2.41644 1.09531
2.69221 1.48685
1.89908 0.367987
1.86927 0.326341
2.96789 1.87305
2.52886 1.25642
2.4406 1.12955
2.90518 1.78496
2.45792 1.15456
2.0946 0.640928
2.65853 1.43814
2.11729 0.674783
2.99461 1.91113
2.22637 0.829425
1.82349 0.258231
2.61374 1.3745
2.1031 0.654793
2.76043 1.58087
2.21405 0.81298
2.80405 1.64337
1.96178 0.45576
2.31102 0.945995
1.9344 0.416975
2.44206 1.13264
2.57342 1.3183
2.78542 1.61804
3.15762 2.14309
2.85576 1.7156
2.12033 0.677219
2.9725 1.87868
3.15411 2.13784
3.14059 2.1161
2.69836 1.49562
2.56544 1.30725
2.84796 1.70417
2.02866 0.554022
2.09059 0.636493
1.92874 0.411751
2.7655 1.58943
2.36823 1.02758
2.63717 1.40502
1.89901 0.368671
1.88414 0.347612
2.72614 1.53392
2.80582 1.64628
2.62705 1.39478
2.1666 0.745902
2.61404 1.37748
2.30058 0.931379
2.8855 1.75622
2.5051 1.21883
1.85033 0.299661
1.90572 0.378482
2.88641 1.7597
2.43642 1.12592
3.08169 2.03306
3.07233 2.01903
2.88721 1.75875
2.97229 1.87743
2.7045 1.5018
2.90817 1.78842
2.0255 0.545081
2.52486 1.24731
2.61777 1.38088
3.17774 2.16756
2.6153 1.37935
2.94774 1.84318
2.24802 0.856106
1.89759 0.365291
2.61118 1.37181
2.57286 1.31958
2.28249 0.908876
2.27728 0.900425
2.13345 0.701799
3.06986 2.02026
2.8043 1.64046
1.91932 0.394646
2.63202 1.40143
1.95089 0.439769
3.09975 2.05911
2.55496 1.28872
2.89208 1.76295
2.63687 1.40756
2.26454 0.883738
2.13341 0.696617
3.03372 1.96652
2.47218 1.17543
2.52881 1.2544
2.41479 1.09551
3.12169 2.08751
2.98373 1.89598
2.03152 0.554461
2.7082 1.50838
2.07624 0.618817
2.26951 0.889621
2.29015 0.921139
3.12878 2.09834
2.69408 1.4908
2.42238 1.10587
2.96666 1.87227
2.78837 1.6222
2.84255 1.69668
2.39476 1.06614
2.31421 0.954097
2.33168 0.977866
2.18194 0.764691
2.90552 1.7866
2.32333 0.967604
2.80764 1.64442
3.15838 2.14076
2.71248 1.51099
3.05314 1.99385
2.66261 1.44207
2.1448 0.708794
1.78941 0.213635
2.16881 0.74733
3.03163 1.96127
2.56369 1.30254
2.97668 1.8847
2.14351 0.712155
2.56238 1.30163
3.19555 2.19342
2.11913 0.676492
1.78918 0.209154
2.69755 1.49344
2.84865 1.70453
2.48962 1.20168
2.72578 1.53312
1.90145 0.367482
2.83015 1.68248
2.16687 0.744926
2.22914 0.831737
1.99165 0.497206
1.93551 0.419934
2.99609 1.91391
2.67012 1.45347
2.67229 1.45506
1.86742 0.322018
2.8342 1.684
2.61756 1.37896
2.98905 1.90345
2.46524 1.16897
2.67899 1.46703
2.45135 1.14488
2.89719 1.77308
3.10036 2.05983
2.55351 1.28975
2.64029 1.4116
2.27543 0.900523
2.56922 1.31273
1.96768 0.462959
2.00275 0.511532
2.71805 1.52272
2.86969 1.73541
2.02234 0.539923
2.34216 0.991722
1.8711 0.327885
2.1095 0.663998
2.36475 1.02336
2.56628 1.30648
2.68792 1.47748
3.12898 2.09461
2.50854 1.22311
2.15741 0.733057
3.09964 2.05785
2.94233 1.83757
2.92157 1.81104
3.02731 1.95582
2.74741 1.56238
3.18126 2.17194
2.19508 0.785821
2.98305 1.89602
1.93026 0.408167
2.94 1.83282
2.12868 0.691314
2.43085 1.11788
1.90585 0.379271
3.06617 2.01135
3.16023 2.14506
2.73265 1.54128
2.21986 0.817283
2.06651 0.602267
2.57757 1.32174
2.76037 1.57873
2.88621 1.75883
1.85007 0.299872
3.04026 1.97191
2.37604 1.03823
2.28684 0.913527
2.692 1.48418
2.52076 1.24206
1.80062 0.232484
2.8556 1.71579
2.28762 0.915434
2.62533 1.3898
1.85338 0.301663
1.82071 0.259575
2.82325 1.6694
2.50505 1.22523
2.63054 1.39775
2.40063 1.07499
2.43566 1.12565
1.8937 0.361616
2.9955 1.91169
2.34358 0.994224
2.79081 1.62139
2.76106 1.58384
2.30174 0.936123
2.73551 1.54597
1.8577 0.307803
2.81775 1.66348
2.201 0.792279
3.06275 2.00659
1.96164 0.456155
2.65771 1.43564
2.78981 1.62255
3.06054 2.0037
2.10461 0.655192
2.80798 1.65159
3.18717 2.18236
1.78625 0.207605
2.09532 0.644051
2.92793 1.81646
2.32684 0.969437
2.13819 0.704442
2.8898 1.76338
2.19984 0.793111
2.99953 1.9195
2.44797 1.14056
2.23491 0.83938
2.20754 0.803999
2.16529 0.742763
2.53229 1.26086
2.56054 1.29737
2.15458 0.726592
2.43947 1.12909
2.43407 1.12053
3.17585 2.16681
3.05509 1.99674
1.82116 0.258135
1.89486 0.360929
2.90088 1.77855
2.18307 0.767804
2.13715 0.704114
2.43226 1.11828
2.46214 1.1649
3.09178 2.04581
2.70999 1.50962
2.66119 1.44127
2.04672 0.575864
2.14524 0.716957
2.72651 1.53251
2.79459 1.62877
1.98756 0.494276
2.43484 1.11952
1.97142 0.471297
3.1357 2.10779
3.17459 2.16509
2.14827 0.716633
3.02376 1.94935
1.95379 0.4447
2.1062 0.659472
2.31019 0.947028
2.81391 1.65267
2.59596 1.34463
2.74742 1.56186
3.09046 2.04454
2.80783 1.64668
2.54666 1.27868
3.01024 1.92995
2.65921 1.4407
2.54071 1.27127
2.24426 0.854069
2.31178 0.948006
2.5428 1.2747
2.7233 1.52637
1.9152 0.392464
2.30849 0.944964
2.52724 1.2533
2.17721 0.75635
3.00565 1.92391
3.03032 1.96439
2.55295 1.28989
3.18529 2.18156
2.90536 1.78307
2.53243 1.26231
2.57215 1.31557
2.72529 1.53266
2.35436 1.01046
2.17922 0.761845
2.10952 0.662969
2.1252 0.687147
1.82184 0.258093
2.67854 1.4641
2.7167 1.52135
2.87872 1.74669
1.91118 0.388709
2.94527 1.84321
3.08467 2.03707
2.20811 0.801263
2.65871 1.43609
2.6449 1.41827
3.17567 2.16287
2.02523 0.544085
3.15608 2.13502
3.03608 1.97017
2.57925 1.32292
3.10706 2.0684
2.24348 0.852051
2.14032 0.707535
3.17932 2.17445
2.35207 1.00114
2.10525 0.658417
2.02972 0.550841
2.21027 0.806547
2.50361 1.21835
2.62823 1.39884
2.09653 0.646119
2.42214 1.10579
3.01317 1.93695
2.51173 1.23201
1.92958 0.414109
2.33025 0.972896
2.16043 0.737395
2.35269 1.00712
2.16952 0.748544
2.02059 0.539436
3.0464 1.98252
2.71078 1.51239
2.22159 0.820508
2.96378 1.86421
3.11971 2.08399
3.00761 1.93235
2.69352 1.48657
2.61593 1.37603
1.83078 0.269611
1.78119 0.204895
2.17512 0.758796
3.02086 1.949
3.01421 1.93645
3.13928 2.11341
2.3067 0.941664
2.56849 1.3109
1.9771 0.48042
2.64278 1.41323
1.7978 0.223005
2.38189 1.04838
2.49114 1.20402
1.79879 0.224425
2.75523 1.5755
3.18653 2.18096
2.31642 0.952968
2.19367 0.782675
3.04967 1.9858
2.4148 1.09239
2.0025 0.512475
1.89936 0.367884
2.3911 1.05928
3.05264 1.99353
2.87052 1.73681
1.80459 0.232247
2.15739 0.730992
3.01926 1.94662
2.15553 0.731238
2.03055 0.553902
3.04799 1.98527
1.91869 0.396915
1.80171 0.230554
2.53756 1.26571
2.48498 1.19072
1.81507 0.250214
2.99231 1.90566
1.92847 0.408209
2.12599 0.687254
1.79578 0.224152
3.17497 2.16022
2.99708 1.9146
2.47406 1.17921
3.18556 2.17734
2.65775 1.43931
1.91876 0.394791
3.03107 1.9641
2.01696 0.531739
2.93026 1.82239
1.93564 0.417783
1.98755 0.494447
2.56395 1.30331
2.42378 1.10868
2.65825 1.4372
2.98507 1.89935
2.90792 1.78832
2.05412 0.584619
2.57956 1.32688
3.03552 1.96731
2.92601 1.81258
1.80899 0.242303
3.02299 1.9516
2.98642 1.8991
2.87986 1.74754
2.44143 1.13036
2.72634 1.53311
2.1682 0.747228
2.68635 1.47295
2.03581 0.558749
3.0168 1.94294
2.61015 1.36871
2.84083 1.69383
2.22811 0.830915
1.79566 0.223483
2.25778 0.870166
2.65036 1.4231
2.5836 1.33153
2.82715 1.67631
3.10603 2.06598
1.9598 0.451149
1.86121 0.314261
3.14058 2.11614
2.9169 1.80438
2.77391 1.60107
3.19773 2.19744
2.34314 0.993234
2.19406 0.782645
1.82182 0.259949
1.86423 0.320619
2.62649 1.3912
3.06231 2.00841
2.57535 1.32094
2.50271 1.21719
2.89234 1.76959
2.6351 1.40541
3.14737 2.12616
2.38324 1.04898
3.11638 2.08417
3.1414 2.11806
2.87655 1.7433
2.12515 0.687025
2.5171 1.23829
2.61495 1.37503
3.17154 2.16004
2.96107 1.86526
2.65048 1.42724
2.93864 1.83215
2.5104 1.22925
2.52543 1.24774
2.69878 1.49347
2.34444 0.995417
2.26502 0.882398
2.50394 1.2178
1.96163 0.453523
2.84268 1.69807
2.91965 1.80416
2.27246 0.895076
2.09982 0.651568
2.70383 1.49847
2.81948 1.66455
2.85636 1.7179
3.19162 2.19036
2.84702 1.70252
1.92173 0.399342
1.84089 0.288004
2.77975 1.60899
2.66273 1.44584
2.92343 1.81095
2.22582 0.828416
2.03521 0.558333
2.35904 1.01358
2.76491 1.58622
2.06072 0.595465
2.54435 1.27881
3.07217 2.02166
1.86434 0.317843
2.4612 1.16132
3.19232 2.18946
2.2547 0.869189
2.55131 1.28563
3.10572 2.06763
3.05476 1.99252
2.57406 1.31898
3.06647 2.01317
2.06171 0.597578
2.12151 0.681153
2.71369 1.51754
2.17966 0.763947
1.99727 0.503788
3.12853 2.09709
2.50115 1.21323
2.24168 0.850894
1.94139 0.426369
2.59986 1.35469
2.26845 0.887434
3.03954 1.97434
2.44432 1.13712
3.19331 2.18956
2.77586 1.59993
2.88515 1.75646
2.3579 1.01566
2.53519 1.26161
3.04784 1.98644
2.86661 1.73016
3.11609 2.084
2.85147 1.70916
3.19138 2.18814
2.77455 1.60133
2.95113 1.85137
1.88132 0.341297
2.18997 0.77758
2.23004 0.836135
2.98883 1.90441
1.95257 0.441641
2.2746 0.900308
2.14789 0.718576
2.48438 1.19051
2.76052 1.57688
2.15291 0.725774
1.82433 0.262645
2.81993 1.66378
2.22063 0.82184
3.04015 1.97531
2.52586 1.25292
2.60454 1.36154
2.27809 0.903625
2.03532 0.557611
2.76795 1.59109
2.8693 1.7376
2.46962 1.1713
1.89378 0.359891
2.55917 1.29817
2.7962 1.63078
3.14062 2.11948
2.86778 1.73197
3.14371 2.11977
2.7904 1.62212
1.92775 0.40982
2.16412 0.740056
2.25653 0.872106
2.92979 1.81829
2.66988 1.45184
2.48567 1.19231
2.37001 1.03438
3.12315 2.09
2.04287 0.569041
2.55791 1.29514
2.64416 1.41544
2.04988 0.581423
1.96973 0.462369
3.01833 1.94392
1.99089 0.496684
2.63403 1.40162
2.22491 0.825245
2.44489 1.133
2.80419 1.64548
2.42666 1.10856
2.46296 1.16287
3.18522 2.17867
2.23697 0.848591
2.94361 1.83995
2.09436 0.643994
1.82498 0.261812
2.80065 1.64099
3.1895 2.18433
2.10362 0.653583
2.32329 0.964429
2.25042 0.864299
2.36447 1.02437
3.16383 2.14599
2.55457 1.2884
2.46153 1.16081
2.87117 1.73738
2.84149 1.69226
2.03501 0.560666
2.62177 1.38454
1.93644 0.420691
2.10082 0.652029
1.90653 0.378535
1.99416 0.501738
3.10675 2.06556
2.95686 1.85668
2.75369 1.57253
2.63047 1.39739
2.43573 1.12259
2.99591 1.91259
2.37992 1.0465
2.99783 1.92019
1.84409 0.288213
2.77432 1.60217
2.87359 1.74337
2.48161 1.18971
2.60508 1.36287
2.97342 1.88397
2.89207 1.76493
2.15275 0.725565
2.74829 1.56527
2.70716 1.50434
2.50351 1.21816
1.82516 0.263912
2.77048 1.59745
2.16842 0.747335
2.87703 1.74257
3.12686 2.09782
3.02934 1.96227
2.73008 1.54128
3.04211 1.97933
2.99693 1.9128
3.10166 2.05903
2.12576 0.686711
2.47327 1.17538
2.88181 1.7513
1.82694 0.262803
2.89168 1.76722
1.80302 0.233803
2.90775 1.78855
2.24186 0.85044
2.38229 1.04804
2.34486 0.996417
2.16016 0.733326
2.19489 0.784215
2.44657 1.1367
2.68674 1.47523
2.00626 0.517017
2.00457 0.516796
2.38145 1.04527
2.68887 1.47795
2.24899 0.860451
1.89076 0.357367
2.40432 1.0792
1.99299 0.499425
2.66497 1.44535
2.49451 1.2058
2.67142 1.45713
2.2044 0.79725
2.32722 0.970073
1.78529 0.209037
2.78295 1.61392
2.68439 1.47141
3.16494 2.14727
2.97615 1.8823
2.42693 1.10568
2.08952 0.635722
2.19372 0.78263
1.8109 0.242829
2.399 1.06976
3.00676 1.92426
2.92388 1.81078
2.17572 0.756975
1.9124 0.38708
2.67443 1.45876
3.02579 1.95426
2.91512 1.79968
2.85954 1.72338
1.94132 0.424838
1.86953 0.32718
3.18613 2.17699
1.90285 0.371693
2.15525 0.726367
2.38318 1.04895
2.56058 1.29505
2.59945 1.35255
2.95282 1.84902
1.98165 0.484557
3.10267 2.06648
2.59144 1.34086
1.86059 0.311478
2.24047 0.845624
2.09634 0.645737
3.02254 1.94777
2.55964 1.29825
2.49734 1.20833
2.00607 0.516735
1.99712 0.508534
1.94537 0.433052
2.58614 1.33299
2.94969 1.84583
3.16462 2.14997
2.39728 1.07011
2.54344 1.27678
2.0462 0.574964
1.94417 0.428311
1.81348 0.248476
2.13922 0.706757
1.88665 0.350436
2.05793 0.592504
2.01832 0.535364
2.188 0.77807
3.03171 1.96424
2.51308 1.23296
3.17782 2.16622
3.12757 2.09644
3.15245 2.13026
1.98501 0.491843
1.95534 0.446448
2.95577 1.85457
2.3383 0.986368
2.01647 0.535127
2.21154 0.807289
2.15989 0.736633
2.88514 1.75651
3.17372 2.16384
1.94731 0.433268
2.20071 0.794589
3.09856 2.05844
2.90738 1.78531
2.41733 1.0974
2.18237 0.767117
2.43102 1.12062
1.9918 0.500008
2.81135 1.65505
2.5341 1.26192
2.82962 1.67953
3.10623 2.06809
2.7117 1.51369
2.88215 1.75434
2.33419 0.980434
2.02876 0.552425
2.0373 0.56042
2.25842 0.87709
3.00498 1.92392
1.9843 0.487673
2.96748 1.87272
2.80865 1.65006
2.24055 0.85043
2.94361 1.8355
1.94407 0.430654
2.88259 1.75422
2.26488 0.881367
1.91234 0.385427
2.66873 1.4536
2.76873 1.59105
2.87853 1.74813
2.84455 1.70234
2.95639 1.8565
2.8699 1.73446
2.66459 1.44828
3.16515 2.15337
2.3713 1.02868
2.66047 1.43927
2.07529 0.617504
1.90121 0.368459
3.089 2.04361
2.3236 0.965834
2.37372 1.03542
3.0347 1.96678
1.8854 0.349873
3.13802 2.11537
2.75439 1.57491
2.66049 1.4409
2.84549 1.70048
2.9862 1.90083
2.82264 1.66695
2.58296 1.3313
1.87168 0.326749
2.41267 1.09244
1.82503 0.26182
2.57201 1.31439
2.39657 1.06727
3.1347 2.11157
2.30026 0.935658
1.86582 0.320741
2.0248 0.542076
2.42973 1.11609
2.17287 0.752564
2.00555 0.516994
2.92971 1.81917
3.15905 2.14476
2.90368 1.78409
2.11588 0.670016
1.82026 0.260431
2.52427 1.24983
2.39587 1.06901
2.4699 1.17214
1.99634 0.504016
3.09541 2.05017
2.1882 0.77711
2.92578 1.81597
1.89199 0.358705
2.88535 1.75522
2.87867 1.74934
2.11439 0.671467
2.93877 1.83129
2.89052 1.76364
2.07474 0.616243
2.60266 1.35902
2.43546 1.1227
2.87302 1.74245
2.84759 1.70293
2.55353 1.28973
2.35377 1.00817
1.84696 0.292628
3.06219 2.00441
3.11963 2.08729
3.13479 2.10762
2.83219 1.6811
2.21314 0.809899
2.2524 0.864357
2.01707 0.535485
2.65938 1.43973
2.1981 0.788669
2.06702 0.603367
2.69936 1.49494
1.96877 0.46471
2.41834 1.10007
2.3861 1.05211
2.54642 1.28194
2.13525 0.70285
1.79848 0.22701
2.33713 0.982127
1.78857 0.215049
2.38418 1.05214
1.91623 0.391457
3.07001 2.01734
2.99452 1.90835
2.36133 1.01889
3.05289 1.99202
2.77299 1.59727
2.18862 0.776195
2.96788 1.87394
3.08518 2.04119
2.97036 1.88052
1.81795 0.254408
1.82048 0.258896
2.33007 0.972817
2.58441 1.33079
3.06375 2.00723
3.09339 2.04875
2.42006 1.10167
2.69914 1.49406
3.12318 2.08993
2.89688 1.77588
1.98812 0.493217
2.72857 1.53546
3.024 1.95227
2.5962 1.35006
2.9232 1.80933
2.88192 1.75303
2.22377 0.825749
2.43096 1.11402
1.81661 0.251776
2.0851 0.626693
2.47097 1.17532
2.21018 0.80596
1.84599 0.288913
2.01605 0.533817
2.01047 0.526764
2.15517 0.730128
2.97748 1.88819
3.07056 2.02106
1.9012 0.37163
1.94425 0.432119
2.30198 0.93692
2.24405 0.855032
2.97724 1.88333
2.59465 1.34646
3.01678 1.94234
3.1244 2.09308
2.82667 1.67553
1.93876 0.422473
2.53419 1.26329
2.87396 1.74064
2.33951 0.987246
3.09749 2.05493
1.8081 0.242526
2.56396 1.30462
1.83349 0.275022
2.83551 1.68795
2.3122 0.948841
2.69683 1.49349
2.51709 1.23898
2.15529 0.730431
2.2692 0.890887
2.83025 1.6791
2.26273 0.882783
2.28333 0.909074
2.35482 1.01065
3.0999 2.05961
2.1522 0.725503
2.6339 1.40235
1.97929 0.481607
2.20549 0.79934
2.87662 1.74443
2.39377 1.06362
2.21031 0.808034
2.45662 1.1543
2.80413 1.64166
2.2778 0.90255
2.0326 0.55865
2.52029 1.24421
2.25872 0.876548
2.04421 0.571507
1.78996 0.211495
2.27629 0.898846
3.0451 1.98582
1.93677 0.420866
2.2836 0.909217
1.93569 0.41657
2.38002 1.04419
2.57532 1.3196
2.6217 1.38335
3.03242 1.96125
2.03442 0.555383
1.85875 0.31232
3.12311 2.09592
1.89419 0.361931
2.58997 1.33993
2.8871 1.75898
3.02232 1.94961
2.4996 1.21345
2.25757 0.869266
3.03893 1.97193
1.91972 0.394053
2.4298 1.1153
2.95774 1.85728
2.33141 0.978749
2.4278 1.11047
2.0267 0.546999
2.81866 1.66384
1.82769 0.26722
2.70389 1.49891
1.88171 0.343432
3.0412 1.97558
2.49686 1.21001
2.026 0.547703
2.72743 1.53818
2.48193 1.18675
2.75339 1.57023
2.53741 1.26298
1.87038 0.32742
1.87002 0.326054
2.23866 0.847031
3.02892 1.95958
2.11983 0.677889
3.14345 2.12345
1.97562 0.478229
1.8874 0.349878
2.12072 0.679806
1.7997 0.228183
2.32626 0.96764
2.35586 1.0104
2.34711 0.998117
2.18487 0.767831
3.12106 2.09036
3.03741 1.97002
2.16038 0.734398
2.10418 0.654513
1.86229 0.316281
2.04106 0.567204
2.52865 1.2553
2.90326 1.78615
1.90278 0.374057
2.35187 1.00582
2.72577 1.53183
2.52564 1.24827
2.40818 1.08465
3.16462 2.14921
1.87436 0.335757
2.93472 1.82677
2.54549 1.27807
1.96361 0.463761
2.22755 0.82979
2.19927 0.788385
2.09328 0.641362
2.04163 0.568765
2.608 1.36483
2.66036 1.442
2.27047 0.891918
2.40567 1.07969
1.91254 0.387125
2.21683 0.814808
3.05185 1.99324
2.89496 1.77106
2.59548 1.34968
2.82375 1.66815
2.48304 1.19183
2.51818 1.24154
2.0996 0.646674
2.88951 1.7607
2.46931 1.17029
3.16622 2.15046
2.14039 0.706519
3.01352 1.94044
2.51152 1.23059
2.4652 1.16283
2.62315 1.38733
3.11838 2.08524
2.27176 0.890561
1.79085 0.213696
1.95935 0.454118
3.18609 2.18134
3.12092 2.08816
2.07429 0.618812
2.77278 1.59767
1.96075 0.458073
2.84488 1.69828
2.81959 1.66095
2.58489 1.33158
2.81334 1.6536
2.16973 0.750998
2.91934 1.80269
2.13383 0.702145
2.79702 1.6309
2.40666 1.08092
1.89678 0.363867
1.91867 0.394384
2.80695 1.64739
2.43608 1.12486
1.94932 0.436763
3.12598 2.09724
2.18506 0.772514
2.18965 0.775269
3.15832 2.14102
2.32733 0.969603
3.1303 2.10136
1.85909 0.315641
3.09053 2.04568
2.21755 0.813087
2.44721 1.1392
2.70567 1.50339
2.73154 1.54119
3.14626 2.12303
1.84712 0.292795
3.17564 2.16709
2.41206 1.08988
3.03506 1.96785
2.23701 0.842629
3.05793 1.99758
2.01139 0.525929
2.89477 1.77038
2.70916 1.5098
3.14406 2.12066
2.43422 1.12606
1.79015 0.216656
2.41004 1.08692
3.03412 1.96666
1.98904 0.493536
2.14554 0.71652
2.1489 0.719798
2.15731 0.730868
2.04869 0.580077
2.35925 1.01537
2.36131 1.01947
2.87228 1.73855
1.81134 0.244459
2.44938 1.14076
2.77097 1.59506
2.59338 1.34866
2.01195 0.529447
2.85437 1.71419
2.6858 1.47585
2.31486 0.952433
2.46077 1.16061
1.83966 0.282213
3.12813 2.09865
2.63658 1.40751
2.88188 1.75286
2.52009 1.24295
2.22848 0.83442
2.08924 0.637307
2.03745 0.561016
2.0694 0.607585
2.59346 1.34576
2.71408 1.51398
2.18901 0.776751
2.72277 1.52752
2.93539 1.82838
3.12643 2.09758
3.15976 2.14313
2.89437 1.77152
2.19784 0.788399
2.11984 0.678703
3.06881 2.01682
2.0991 0.646578
2.51457 1.2356
2.96395 1.86706
2.11047 0.666085
1.85567 0.307729
2.05406 0.58555
2.68558 1.4758
2.23047 0.835848
2.2148 0.81381
1.98707 0.493633
2.70434 1.50128
1.84845 0.298189
2.41511 1.09475
2.17122 0.750899
1.82008 0.25532
2.81522 1.6571
2.10918 0.660856
2.23421 0.838909
1.81156 0.244604
3.04591 1.98314
2.58403 1.33104
3.19804 2.1934
2.64549 1.4193
2.16462 0.739673
2.22703 0.828436
3.0365 1.96824
1.8384 0.283709
1.83207 0.27348
2.98997 1.90482
2.71491 1.51341
2.24671 0.85705
2.43508 1.12283
2.61843 1.38168
2.40538 1.07993
1.88258 0.346758
2.80645 1.64505
3.11156 2.07482
2.08527 0.627816
2.18653 0.773084
2.22369 0.826119
3.01511 1.93817
2.19918 0.787078
2.66759 1.45113
2.43575 1.12366
2.15923 0.73544
2.15887 0.730447
2.84788 1.70297
3.15967 2.14233
2.81996 1.66595
1.94216 0.426603
1.88722 0.35
2.59553 1.34841
1.98641 0.487407
2.66005 1.43627
1.86246 0.31613
3.01787 1.94513
1.89998 0.368614
2.3078 0.943037
1.88964 0.353373
2.38095 1.04442
1.90101 0.371829
3.18798 2.18403
1.85697 0.309886
2.01602 0.530578
2.60623 1.36452
2.90115 1.77993
3.07165 2.01968
2.9187 1.80583
2.78593 1.61844
1.84313 0.288091
2.54927 1.2832
2.67649 1.4624
2.96835 1.87176
2.50405 1.21719
3.01443 1.94046
2.53183 1.26023
2.38361 1.05057
2.18101 0.764145
2.4882 1.19939
2.99767 1.91294
2.50274 1.21986
1.84653 0.292573
2.66603 1.4471
2.15486 0.727142
2.83952 1.6957
1.85517 0.305252
2.88152 1.74866
2.4456 1.13814
2.02775 0.547567
1.94101 0.426879
2.02192 0.540567
3.08834 2.04221
2.43542 1.12602
2.16913 0.748721
2.13878 0.707401
2.71028 1.50966
1.94063 0.425259
3.08149 2.03515
3.02219 1.95118
2.31999 0.962662
3.19717 2.19361
2.67626 1.46078
2.66976 1.45869
2.95269 1.84981
2.14659 0.71809
2.48078 1.18595
2.25968 0.878146
2.81019 1.64622
1.81644 0.25135
2.02242 0.542734
3.17995 2.17124
1.88587 0.348455
2.18018 0.763142
2.16805 0.745066
1.97102 0.471619
2.716 1.51784
2.88276 1.75379
3.18059 2.17187
2.49573 1.21044
2.10308 0.655338
2.7012 1.50068
1.8767 0.335395
3.12817 2.09803
2.49589 1.20772
2.49478 1.20599
3.13807 2.1138
3.00467 1.92434
2.9386 1.83244
2.84925 1.70395
2.54176 1.2696
2.57421 1.31519
2.72699 1.53376
2.60558 1.36555
2.15911 0.734195
2.83874 1.69304
1.99859 0.507178
2.92369 1.81051
2.64298 1.41755
2.72733 1.53449
2.36922 1.02899
2.57466 1.31828
2.2078 0.800547
2.47196 1.17591
2.95414 1.8564
2.88319 1.75247
2.06972 0.610113
2.87196 1.73751
2.4591 1.15805
2.85778 1.71942
3.11991 2.09046
2.29745 0.927744
2.93991 1.83376
3.10236 2.06305
2.87236 1.7373
2.91025 1.79448
2.44904 1.14206
3.16793 2.15356
2.22897 0.83142
3.1962 2.19593
2.55147 1.2863
3.16774 2.15694
2.16965 0.752209
2.4196 1.10313
1.79162 0.213208
2.74447 1.5618
2.9334 1.82624
2.07737 0.61566
3.13278 2.10188
2.20388 0.799235
1.96657 0.463716
2.0138 0.532693
3.12787 2.09724
1.80031 0.227581
2.32984 0.976274
3.13441 2.11029
2.27252 0.889659
1.96296 0.456705
2.12285 0.68452
2.69225 1.48148
2.53956 1.26778
2.56126 1.3021
3.12612 2.09735
2.09518 0.641753
1.93482 0.41629
3.06478 2.01188
3.16011 2.14386
2.33455 0.98324
2.45222 1.14635
2.48128 1.18852
2.94706 1.8407
2.64297 1.41646
2.59444 1.34808
2.33872 0.98827
3.14275 2.12116
2.93183 1.82124
1.93572 0.418848
3.00497 1.92631
2.15456 0.728761
3.10169 2.06117
2.4162 1.09769
3.19402 2.19505
1.92283 0.402219
2.85018 1.70765
2.79469 1.62954
2.60869 1.36779
3.03088 1.95504
2.75305 1.57091
2.90475 1.78418
2.02774 0.546737
2.79385 1.63037
2.73753 1.54956
1.78871 0.211691
2.98688 1.8987
2.32183 0.959524
2.0492 0.578794
2.13998 0.707699
2.78963 1.62025
2.90609 1.78155
2.96396 1.86926
2.98476 1.89757
2.71225 1.51273
2.35961 1.0165
3.15553 2.13771
2.22068 0.820861
1.83482 0.27816
2.27289 0.895651
2.24016 0.847952
2.43534 1.12467
2.5251 1.24951
2.31645 0.954849
2.08894 0.634617
2.73311 1.539
2.5424 1.27589
2.37993 1.04419
1.86961 0.321814
3.10235 2.06119
2.82235 1.66839
2.5712 1.31525
2.94902 1.84882
2.23215 0.836251
2.40142 1.07735
2.08115 0.622739
2.91036 1.79042
2.88521 1.75786
3.14794 2.12962
2.66586 1.44564
2.36752 1.02741
2.07126 0.610982
2.32167 0.961599
2.76187 1.58398
2.85318 1.71101
2.8084 1.65019
2.66556 1.45014
2.8102 1.64946
2.89351 1.76892
2.68173 1.46873
2.5148 1.235
1.8666 0.323541
2.0144 0.527761
1.78249 0.20376
2.55629 1.29385
2.3775 1.04117
3.0099 1.9322
3.16449 2.14947
2.86915 1.73221
2.01022 0.521023
2.16642 0.744862
2.15241 0.725887
2.6165 1.37651
2.31333 0.951246
2.31191 0.950818
3.09301 2.04764
3.16893 2.15902
2.31219 0.949296
2.62295 1.38627
2.11673 0.673525
2.16722 0.746574
3.04896 1.98808
1.86491 0.316821
3.08224 2.03689
1.92886 0.407605
3.1554 2.13835
3.11898 2.08729
3.13506 2.10839
2.76788 1.58876
2.31479 0.953125
1.89045 0.354364
2.63809 1.40802
1.92417 0.402463
2.57709 1.32545
1.97166 0.466419
2.85067 1.70582
2.9542 1.85406
3.05481 1.99444
2.9673 1.86933
1.80733 0.237846
1.79329 0.2195
1.78785 0.211136
2.5778 1.32557
2.81126 1.65358
2.68576 1.47091
2.09755 0.645909
2.07899 0.622526
2.62862 1.39361
2.65749 1.43498
2.11762 0.678763
2.45795 1.15474
1.90458 0.375061
2.26267 0.881188
3.17563 2.16692
2.48335 1.19597
2.3686 1.02881
3.18169 2.17444
1.94601 0.429931
2.53938 1.27008
2.02308 0.542564
2.62994 1.39571
2.02612 0.545952
2.96004 1.86382
2.63328 1.40138
2.3693 1.0321
1.88799 0.350635
2.69887 1.49078
2.89467 1.76916
3.02448 1.95416
2.96717 1.87603
2.54536 1.27908
2.20634 0.801281
2.12095 0.6814
2.9703 1.87434
2.24197 0.851532
1.80447 0.234323
3.18263 2.17566
1.84569 0.294439
2.11874 0.677234
2.60646 1.36396
3.0281 1.95735
1.94559 0.432957
2.06857 0.608345
2.19948 0.79126
3.12343 2.0886
2.56066 1.29921
3.10966 2.07375
2.52638 1.25361
3.15628 2.13762
2.28819 0.915367
2.51207 1.23134
2.81869 1.66254
1.84869 0.303215
2.92792 1.81753
2.75743 1.57557
2.43457 1.12079
2.85527 1.71563
2.80238 1.64263
3.08925 2.04022
2.13429 0.698188
1.96672 0.460472
2.11942 0.678849
1.78996 0.214888
2.72713 1.53264
3.02509 1.95301
2.10255 0.653621
3.14334 2.12141
3.07351 2.02
2.33679 0.98464
2.35172 1.00714
2.73637 1.54788
2.55139 1.28673
2.95201 1.85436
2.84032 1.69351
3.15469 2.13723
1.85806 0.311798
2.33875 0.986801
2.285 0.908684
3.15254 2.13364
2.10955 0.667961
2.9898 1.90589
2.90463 1.78483
1.9815 0.479921
3.08787 2.03859
2.8102 1.65125
2.81414 1.65406
1.9445 0.428008
1.80593 0.235361
3.14268 2.1189
2.05666 0.5925
2.5073 1.2239
2.9614 1.86361
2.12482 0.684517
2.03177 0.553353
1.89392 0.358947
2.66191 1.44404
2.84459 1.70041
1.8533 0.303109
2.52048 1.24573
1.80405 0.232643
2.15631 0.728721
2.22402 0.826004
1.98342 0.486992
1.88697 0.34933
2.22735 0.826095
2.8269 1.67554
1.89657 0.363924
3.08794 2.04239
2.09965 0.648885
3.16834 2.15238
2.25865 0.87699
2.68073 1.46733
1.97336 0.47399
2.336 0.982078
2.18255 0.76505
2.6307 1.40336
1.92552 0.403238
1.79688 0.221146
2.49095 1.20117
2.02391 0.544541
2.56127 1.29976
2.98166 1.89103
2.15004 0.721942
1.94231 0.427446
2.31571 0.954946
1.87748 0.333495
2.89165 1.7662
2.81242 1.65066
3.18758 2.18313
3.0123 1.93358
3.17862 2.1653
2.5808 1.3269
2.34649 0.995625
2.08396 0.626863
3.14281 2.11764
2.62353 1.38432
1.94014 0.428973
1.79944 0.228069
2.63103 1.39897
3.1107 2.07128
2.34552 0.998512
2.38734 1.05477
2.57684 1.32411
2.55501 1.28881
2.64333 1.4163
1.91044 0.385144
3.00484 1.92644
1.87727 0.334244
1.79073 0.214264
3.00165 1.91749
2.38488 1.0525
2.17359 0.752968
2.92473 1.81383
2.41272 1.09073
2.05557 0.588899
1.96872 0.464451
2.36362 1.02281
2.32819 0.971284
2.91559 1.7983
2.19518 0.786515
2.35454 1.01034
2.27482 0.893496
2.60359 1.35973
2.52111 1.24354
2.26432 0.883597
2.99852 1.91772
2.79529 1.62974
1.93541 0.418226
2.33447 0.979688
2.79319 1.62875
2.21974 0.820675
2.07127 0.611724
2.28607 0.912087
1.84181 0.285363
2.36887 1.03178
1.83931 0.2859
3.19425 2.19265
2.25974 0.877282
2.83391 1.68397
2.57578 1.32033
2.35234 1.00521
2.76018 1.58078
2.32107 0.961516
2.46214 1.16087
2.75094 1.56566
2.79866 1.6334
2.0177 0.536481
2.50215 1.21657
2.22043 0.818948
2.4294 1.11309
2.17297 0.752953
2.36077 1.01421
2.54875 1.28399
3.15309 2.13452
2.53622 1.26549
2.71652 1.52077
2.94641 1.84044
2.72403 1.53046
2.92604 1.81536
2.88347 1.75394
2.54745 1.27868
3.10579 2.06505
2.18912 0.776594
2.09254 0.64148
2.69123 1.48314
2.15008 0.721528
3.20228 2.20084
2.40848 1.08368
2.57751 1.3235
1.9968 0.503795
2.71263 1.51277
