1.99504 0.404813
2.57895 1.42068
2.10623 0.910605
2.01349 0.280524
1.75207 0.144645
2.45526 0.76227
1.74311 0.254618
2.60214 1.42289
2.60801 1.4728
2.40141 1.19243
2.08051 0.783627
3.27269 2.12098
2.01987 0.372516
3.10473 1.95375
1.76021 0.519312
3.00217 1.56569
2.66571 1.53054
3.0441 2.06579
2.04085 0.513071
2.4794 1.27329
3.13847 1.79434
1.7752 0.0775866
2.64243 1.41774
2.17133 0.484191
1.93859 0.371753
2.71427 1.7839
2.27107 1.07985
2.95027 2.04606
3.01282 1.85033
3.22946 2.11045
1.93775 0.63269
2.85355 1.84475
2.86354 1.67354
3.01644 2.0608
2.47196 1.4008
2.03674 0.310135
2.92634 1.58574
2.19398 0.599928
2.56009 1.13334
2.89768 2.22058
1.60285 0.239378
2.62742 1.29492
2.89754 1.9298
2.49198 0.963778
1.98813 0.446837
2.01848 0.529249
2.82368 1.3667
2.45891 0.828467
2.36063 0.817948
2.00033 0.646669
1.7983 0.190676
2.78127 1.64627
2.56099 1.12443
2.16955 0.526128
2.4418 1.05517
2.6751 1.4614
2.48199 1.22331
3.1025 2.11383
2.94239 1.8543
2.2768 0.875338
2.25277 0.575371
1.99354 0.570534
2.1399 0.631889
1.79376 0.523508
3.05627 2.26202
2.43686 0.862242
1.87653 0.282103
2.26336 0.698333
3.13446 2.05818
2.3577 1.03193
2.9567 2.01712
3.00686 1.91063
1.82495 0.248217
2.06387 0.707013
2.34459 1.21127
2.5933 1.17994
2.56547 1.4725
3.19457 2.19756
2.89498 1.95896
2.86379 1.50926
2.31479 0.942935
2.05178 0.663724
2.10095 0.533176
3.2551 2.04569
3.21896 1.72222
2.10915 0.879502
2.23041 1.0522
2.80256 1.40486
2.53932 1.48303
1.83347 0.450306
2.90709 1.61445
2.85674 1.71824
2.18526 0.696142
2.88054 1.28206
2.2292 0.615266
2.04367 0.336741
2.09708 0.819898
2.87652 1.85303
1.97203 0.40531
2.92384 1.66469
3.07179 2.30435
2.48057 1.08152
2.36186 1.20776
2.08246 0.599791
2.72603 1.40199
2.50631 1.4333
2.21352 1.01534
3.06997 1.86809
2.43355 1.18569
3.14463 2.20625
2.64677 1.55964
2.00546 0.687532
1.93928 0.476775
2.96634 1.90833
2.40599 1.29129
2.40599 1.20681
2.15912 0.71809
2.90751 1.86488
2.02559 0.543044
2.002 0.630653
2.42916 0.800156
2.65312 1.40727
2.80311 1.70185
3.00433 2.22454
3.05653 1.97312
2.13187 0.559371
2.7593 1.29086
2.80363 1.40177
2.70386 1.41048
3.11319 2.11899
1.89365 0.437955
1.91292 0.511295
2.35114 0.885798
3.16408 2.22301
2.25801 0.875535
1.95392 0.324235
2.36562 0.948761
3.04965 1.98676
2.31693 0.827755
2.64734 1.55292
2.00169 0.384546
2.22995 1.05174
3.05256 2.09897
2.54708 1.20218
1.89449 0.348351
2.79857 1.56986
2.64167 1.86874
2.31793 0.740129
3.06743 1.91295
2.07171 0.616036
2.58407 1.45774
1.95079 0.264514
2.75778 1.43414
3.11704 2.09064
1.96037 0.427289
2.84654 1.62566
1.77561 0.282127
2.08805 0.67364
1.93588 0.462279
2.17697 0.846411
2.68671 1.61185
1.79373 0.203966
3.13342 2.13346
2.37925 1.16851
2.08297 0.762135
2.36479 1.20617
2.04248 0.41549
2.65613 1.81252
2.1755 0.873834
1.69397 0.322523
1.96306 0.633218
2.74991 2.39061
2.49752 1.1707
2.70644 1.31237
2.71032 1.62893
2.35398 0.97004
3.0299 2.13853
2.18002 0.679772
2.4415 1.1308
2.08145 0.443286
2.39968 1.20574
2.78634 1.84494
2.38658 1.08306
2.27534 1.04839
2.30037 0.82317
2.3733 0.9215
2.03163 0.670846
2.73016 1.64074
2.27136 1.04775
3.24333 1.97117
1.98935 0.293876
1.81133 0.243521
3.20854 2.17507
2.55103 0.901228
2.73292 1.43938
2.14573 0.966964
2.25814 0.72224
3.1241 1.97977
2.80718 1.34913
2.44857 1.1316
2.46489 1.0513
2.75189 1.54673
3.08587 2.20431
2.30064 0.91538
2.21489 1.07993
2.18492 0.811218
2.48461 1.25994
2.30306 0.785364
2.16282 0.650673
2.46989 1.11132
2.53964 1.10664
2.00991 0.469007
2.46597 0.847875
2.10591 0.46666
2.69143 1.26646
2.65636 1.40938
2.43519 1.08557
3.02022 1.71217
2.2704 1.11747
2.59737 1.36415
2.31086 0.932066
1.52746 0.26799
2.81684 2.05581
2.28149 0.739271
2.71972 1.46038
2.27054 1.16929
2.01322 0.625554
1.98559 0.562081
3.06507 1.73604
2.79633 1.44586
2.75843 1.27804
2.50936 1.23342
1.73076 0.486973
2.86924 2.14684
2.45312 1.04851
2.11421 0.835711
2.31475 0.776218
2.98777 1.76155
2.35545 1.08028
2.93912 1.87312
2.61473 1.10569
2.29955 1.16209
2.1158 0.733823
2.08266 0.353787
2.06198 0.816818
3.11283 1.89541
1.9745 0.303801
2.89238 2.05888
2.27857 0.684918
2.57963 1.23727
3.06851 1.81603
2.08829 0.74219
2.82011 1.48068
2.60504 1.19798
1.95344 0.50779
1.82685 0.332307
2.00417 0.579497
2.54619 1.26907
2.96854 1.76329
2.14777 1.22188
2.81679 1.51237
1.9477 0.247488
2.38234 1.29246
2.17515 0.369289
2.90947 1.79616
2.88002 1.5811
1.80372 0.28263
1.97398 0.270913
2.7144 1.62075
1.89457 0.433648
2.86788 1.7443
2.91623 2.17764
2.16409 0.665791
2.94417 1.97497
2.1003 0.579449
2.21911 1.1277
2.03422 0.713779
1.98041 0.506019
2.738 1.16961
2.63056 1.09107
2.40518 1.12141
3.12629 2.08623
2.47457 1.03358
2.63858 1.25731
3.04865 1.80782
2.30544 1.04406
2.89165 2.04281
2.1872 0.754692
2.04914 0.711039
2.9541 2.09928
3.08555 1.88931
1.96859 0.417947
2.94333 1.97303
2.65071 1.66745
1.76131 0.134242
2.87306 1.97641
2.21909 0.80417
1.75098 0.303515
1.98537 0.518259
2.6683 1.40582
3.18182 2.02103
2.78303 1.79116
2.69321 1.70273
2.36398 0.821297
1.97787 0.613634
2.41691 1.28722
2.93591 1.89902
3.13169 2.004
1.92129 0.446581
2.60866 1.21072
2.97372 1.45266
2.51016 0.666089
2.53142 1.34259
2.56434 1.42269
2.24541 0.462126
2.06156 0.7017
2.38406 0.681482
1.9875 0.45815
3.11923 2.03322
2.3345 0.956695
2.24352 0.788572
1.96624 0.489497
3.23818 2.02988
2.61128 1.25945
2.98753 2.0275
2.9258 2.01739
3.3001 2.26093
2.50575 1.1838
1.96572 0.513116
2.64051 1.57525
3.10155 2.21532
2.08367 0.908138
2.30104 0.976539
2.82569 1.39195
2.05125 0.94828
2.3907 1.00365
2.24581 0.862698
2.86145 1.83144
2.23363 0.629399
3.04325 1.97585
2.20035 0.843494
2.28338 0.801718
2.55199 1.57613
1.80006 0.44093
2.30739 1.11068
2.46795 1.08338
2.22465 0.354205
1.77112 0.274537
2.16048 0.632665
2.80268 1.93374
2.67865 1.13706
2.77721 1.71759
2.39174 1.06946
2.11876 0.70762
1.92163 0.282603
3.33477 2.15556
2.01844 0.44722
2.94983 1.84722
1.94346 0.506518
3.18702 2.1215
2.0975 0.64837
1.96253 0.630361
2.77502 1.58258
2.08221 0.834419
1.97261 0.708768
2.31963 1.21463
2.70321 1.48893
2.08443 0.676617
2.08511 0.763839
2.45685 1.09533
2.75824 1.67493
1.99619 0.405886
2.06777 0.502473
2.57973 1.44028
2.73255 1.48709
1.97758 0.36386
2.36392 1.06734
1.72911 0.209206
1.84162 0.0913828
3.18401 2.14383
2.89137 1.49887
2.39791 1.15905
2.70776 1.42135
2.87136 1.59739
1.9767 0.478669
1.84585 0.399221
1.9616 0.792439
2.01024 0.267109
2.08053 0.78834
1.98525 0.639625
2.12851 0.872871
1.77714 0.244633
2.15665 0.772913
3.27084 1.81268
2.41688 1.42292
3.20674 2.13817
2.89093 1.66385
2.15826 0.500683
2.3396 0.805796
2.06244 0.66953
2.50719 1.29385
2.38721 1.22834
2.66249 1.23642
2.93338 1.68974
3.16752 2.127
1.98271 0.657402
2.53535 1.34152
2.21375 1.16325
2.65724 1.37028
1.88456 0.616517
2.46007 1.37292
3.16003 2.01908
1.91499 0.569939
2.94926 1.69906
2.86597 1.80694
1.98947 0.573533
1.89906 0.365734
2.25095 1.0941
1.93457 0.751505
2.95433 1.9838
2.09835 0.734589
2.21822 0.75098
2.1053 0.360073
2.29144 0.706872
3.16651 2.16991
2.83643 2.0973
2.40864 1.41582
1.91152 0.361466
3.1124 1.88089
3.01046 2.05486
2.14716 0.880929
2.79773 1.89659
3.05036 1.75188
2.94537 1.66404
1.98166 0.371338
2.59566 1.52622
2.85276 1.802
3.02769 2.05323
2.6376 1.1365
2.4176 1.22649
3.05566 2.0993
2.40012 1.18401
2.37466 1.07343
3.2972 1.98613
2.56794 1.38616
2.1804 0.810416
2.01272 0.366571
2.71535 1.46806
2.39982 1.17508
3.22082 1.99279
2.97666 1.59877
2.38223 1.143
3.04438 1.90271
2.39217 1.06556
2.69717 1.55072
2.54123 1.19208
1.88571 0.125312
3.16306 2.11456
2.65879 1.58636
2.55304 1.2552
2.40639 0.939366
3.09092 2.04631
2.27784 0.582746
2.13353 0.703011
2.66305 1.48253
2.66143 1.36606
2.17144 0.849269
3.04356 2.25453
1.93556 0.416134
2.9394 1.808
2.39301 0.864388
2.30481 0.95636
2.1028 0.722512
2.54678 1.21083
2.10347 0.847283
2.04676 0.358284
2.61856 1.13789
2.05809 0.34679
2.01269 0.534421
2.9572 1.6811
1.90209 0.282183
2.32542 0.655751
2.20344 0.80751
2.9583 2.01532
2.96514 2.0889
2.81263 1.34578
2.35088 0.944158
1.90947 0.292164
1.88648 0.493828
2.41317 0.919844
2.07492 0.646343
2.42455 1.07378
2.5832 1.27183
2.86388 1.67691
2.46546 1.21371
2.4375 0.670852
2.38113 1.07907
2.90662 1.86812
2.77526 1.39473
2.87233 2.08749
2.83187 1.73404
2.40221 0.949023
2.71965 1.41622
2.61622 1.52752
2.9365 1.94915
1.83858 0.325519
3.13744 2.21793
2.13167 0.348511
2.34844 1.00509
2.41172 0.999166
1.98063 0.588921
2.03815 0.718354
3.25278 2.21677
2.27556 0.679641
2.35406 0.988682
2.11484 0.85391
1.84281 0.398939
1.94641 0.447373
2.56063 1.22904
3.08391 2.16263
2.69768 1.33621
3.09572 1.98709
2.06721 0.681673
2.99056 2.09385
2.35062 1.05934
1.85402 0.535955
2.84099 2.02354
2.11505 0.655867
2.77491 1.77618
2.79532 1.66581
2.69785 1.53947
2.29699 0.779647
2.57858 1.62454
3.07828 2.02548
2.59794 1.34479
3.01392 1.81433
1.96728 0.406527
2.00194 0.408927
2.94778 1.51222
2.25841 0.763137
2.27207 0.958551
2.00802 0.650859
2.81258 1.6121
2.59589 1.27664
2.52337 1.39127
1.8126 0.0523596
2.66455 1.47082
2.85668 1.82427
3.01517 2.13303
2.4795 1.18541
2.35946 0.741798
2.45538 1.27258
2.76798 1.64642
3.18457 2.28843
1.78561 0.384838
2.3456 1.34112
2.34428 0.799945
2.43041 0.989272
3.15917 2.21963
3.21292 2.0836
2.4214 0.934808
2.28874 1.03275
2.14915 0.83634
2.25971 1.24607
2.07485 0.443116
2.97268 1.87268
2.02665 0.626677
2.33971 1.05187
2.44153 1.02224
2.48734 1.39475
2.89273 1.33949
2.63342 1.46434
3.29162 1.9278
3.01798 2.29461
2.73529 1.49841
2.98703 2.17333
2.22699 0.824906
2.52121 1.17039
2.4616 1.33565
3.12033 1.83872
2.97136 2.05871
1.88028 0.380975
2.32655 0.555648
2.09612 0.449676
2.58966 1.35048
1.81939 0.175734
2.61926 1.16909
2.90157 1.8893
2.14475 0.555737
2.08814 0.721213
2.95509 1.89741
3.12654 2.08388
2.83625 1.72957
3.14203 2.04335
2.98645 1.89079
2.65211 1.4094
2.3101 0.9212
2.09567 0.781703
2.54016 1.05309
2.52776 1.23042
2.28281 0.993146
1.85166 0.273443
1.72678 0.379037
2.33761 1.11532
2.39116 0.980844
2.31217 0.75913
2.44191 1.5089
2.0551 0.705946
2.33524 1.04637
3.14436 2.18208
3.18054 2.10587
3.1573 2.10951
3.11801 2.07597
3.28021 2.24914
2.0693 0.526982
2.20556 0.558075
2.60677 1.53492
2.60289 1.49733
3.03671 1.92292
2.45322 1.04465
2.7666 1.55902
2.30881 0.854232
2.25275 0.647644
2.71442 1.43715
2.51903 1.06236
1.9937 0.690731
2.34027 1.12895
2.30992 1.01345
1.81351 0.210243
2.84022 1.63248
2.37587 1.05074
3.05951 1.84828
2.67894 1.41369
2.90683 1.66632
1.97588 0.391777
3.11965 2.12878
2.81869 1.61555
2.67683 1.46822
2.8456 1.68163
2.19696 0.818242
1.94644 0.294674
2.26249 0.58063
2.59493 1.57365
2.57666 1.34045
2.52631 1.23576
2.49866 1.27897
2.01736 0.492161
2.76141 1.47712
2.29649 1.08547
2.91467 1.88474
2.1796 0.673623
3.02989 2.08445
2.28604 0.908189
2.37873 0.8353
1.99518 0.287653
2.14874 0.714424
2.68073 1.40291
2.41729 1.08508
1.94201 0.355571
1.96813 0.266692
2.69 1.54503
2.6228 1.59626
1.82053 0.129136
2.94612 1.86517
3.25128 2.19929
2.44094 1.0958
1.96299 0.502235
2.31967 0.690134
2.54224 1.32175
2.1991 0.342359
2.7329 1.45107
2.55907 1.32793
2.2685 0.788807
1.9786 0.642277
2.38559 0.910724
2.76444 1.57182
1.76882 0.295022
2.73017 1.44856
2.43825 0.90249
2.683 1.41866
3.18598 2.1849
1.93961 0.361207
3.02115 2.04712
3.23127 2.08919
2.00446 0.321512
2.2891 0.75743
2.88763 1.52816
2.02424 0.459979
2.03724 0.827257
2.04547 0.520116
2.72147 1.33169
2.63847 1.6193
2.80503 1.61329
2.80286 1.71806
2.77966 1.86791
2.64119 1.38865
2.27501 1.07923
2.56398 1.20962
2.29059 1.03905
1.80766 0.321192
2.86818 1.60036
1.75672 0.287347
3.20989 2.16155
3.20827 2.03923
2.68641 1.85439
2.47414 1.54013
3.01442 1.93022
2.89766 1.9214
3.01561 2.08023
2.49769 1.24924
2.01462 0.570139
2.29037 1.04332
2.80031 1.68086
3.09005 1.73718
2.43206 1.08615
1.93573 0.367763
2.58429 1.67456
2.79839 1.60173
2.28308 0.86632
2.23203 0.656661
2.50362 1.31938
3.14271 2.21392
2.17425 0.899122
2.40175 1.05168
2.20448 0.724253
1.87029 0.371867
2.99677 1.90057
2.88615 1.63622
2.30823 1.24988
1.89379 0.618029
2.21964 0.879708
2.08223 0.575504
2.16667 0.684862
2.75752 1.56907
1.77676 0.413067
3.04413 2.01644
2.31568 1.48897
2.31364 0.632132
3.00379 1.93565
3.00905 1.97386
2.80597 1.79958
2.64366 1.46013
2.5774 1.61857
2.51145 1.08601
1.81885 0.101797
2.18173 0.8015
3.20319 1.95343
2.35131 0.936941
2.25731 1.04355
2.83067 1.65952
2.06158 0.739999
2.94773 1.54059
2.23693 0.751739
2.52186 1.32834
2.86577 1.66118
3.02671 2.22204
2.91767 1.83273
3.12513 1.85733
2.21532 0.483604
2.23421 0.53109
1.86627 0.393454
2.65157 1.3361
2.60223 1.12512
2.47188 1.06832
2.31989 0.882004
3.24568 1.90102
2.80399 1.43149
2.03585 0.97906
2.77976 1.68224
2.22674 0.572477
2.85735 1.7352
2.9925 1.74976
3.03507 1.82596
2.97514 1.93328
1.80351 0.241348
3.136 1.97024
1.99533 0.675932
2.20419 0.682409
2.46905 1.24204
2.68953 1.37803
2.22027 0.659263
2.12355 1.1215
3.11433 2.17244
2.77507 1.45358
2.32757 0.727937
2.31199 0.658895
1.94552 0.409289
2.85537 1.68126
2.63222 1.21929
3.18703 1.98792
1.88289 0.373735
1.68451 0.254684
2.97384 1.65378
1.98446 0.549703
2.79237 1.97953
2.50409 0.988608
2.11012 0.549369
2.49386 1.10844
2.80371 1.6812
2.90809 1.89702
2.97479 1.95849
2.11407 0.442405
2.39758 1.0168
3.10491 1.99146
2.71364 1.45943
2.41408 1.1038
2.91394 1.69951
2.51039 1.09068
2.9695 2.12172
1.9978 0.438454
3.05056 2.00727
2.7609 1.45486
2.97124 2.00699
2.87859 1.54023
3.27636 2.02879
1.9146 0.392718
2.37932 1.10654
2.80222 1.91003
2.68514 1.62537
1.95216 0.648652
2.77845 1.91018
2.38683 0.861513
2.74044 1.5597
2.03793 0.152838
2.61004 1.13004
3.08178 1.80932
2.99411 2.32635
2.4498 1.17
1.70294 0.258426
1.93078 0.626838
3.33672 2.2678
1.721 0.154578
2.35602 0.900798
2.2078 0.579386
2.00704 0.511477
2.20972 0.795069
2.20163 0.844278
1.67131 0.227547
2.1065 0.764531
2.19867 1.12112
2.91689 1.98181
2.87832 1.68498
1.96981 0.487288
3.01859 1.93826
1.77172 0.224267
1.87022 0.279089
2.73285 1.65955
2.87163 2.01143
2.28246 0.900183
1.96553 0.187112
2.99626 1.82393
1.913 0.276116
2.60627 1.89453
2.7494 1.49697
2.07009 0.439491
2.67765 1.6717
1.82938 0.413913
2.57236 1.53597
2.66839 1.47301
2.84558 1.72459
2.92201 1.84447
3.14774 2.22716
3.09958 1.57424
2.5188 1.32077
2.46087 1.10934
2.83445 1.562
3.02931 1.76021
2.87401 1.64799
3.19569 2.11803
2.15571 0.763865
3.28048 1.99049
2.00203 0.485787
2.16061 0.596028
3.26251 1.95249
3.21195 1.99321
2.31303 0.734815
2.68245 1.21205
2.3512 1.02896
2.08899 1.29136
2.92695 2.17721
1.84833 0.187401
1.901 0.302967
2.12235 0.494956
2.77925 1.48685
2.82603 1.60306
2.10555 0.599087
3.08909 1.81069
1.71095 0.261585
2.32229 1.14045
1.76627 0.725942
2.04989 0.898259
2.22226 0.810998
2.66412 1.51312
2.9025 1.84755
1.91689 0.412912
2.73313 1.39281
2.93995 2.0094
2.3068 0.917064
2.86121 1.64466
1.75248 0.412913
1.90501 0.066539
2.87068 1.96692
3.10482 2.32788
2.91897 1.89914
2.88591 1.6645
2.83839 1.73073
2.06516 0.792684
1.98337 0.161898
2.15772 0.785392
2.58657 1.37307
2.21402 0.714266
2.77871 1.67572
2.15225 0.564015
2.77241 1.72358
1.97653 0.458265
2.15864 0.762815
2.73382 1.51841
1.67695 0.428518
2.99769 2.03504
2.97588 1.81553
2.13845 0.64893
3.01707 2.10023
2.02953 0.290474
1.96888 0.647138
3.01009 1.94276
2.19513 0.891646
2.15059 0.622514
3.19341 2.12325
2.80736 1.46014
3.19266 2.05428
2.00513 0.284928
3.01281 1.7904
2.80691 1.49352
2.54449 1.44164
2.23493 0.883746
3.1488 2.05527
2.22009 0.886117
2.60629 1.40894
2.07792 0.348916
2.62779 1.39659
2.23287 0.943473
2.99926 1.66855
3.13021 2.16443
3.11953 2.33899
3.23988 2.11949
3.18394 1.83126
2.31464 1.1376
1.89403 0.470081
2.05726 0.667467
2.82365 1.64159
2.86797 1.89523
3.00775 1.97932
2.37173 1.05774
2.47873 1.30828
2.58453 1.27338
2.85692 1.66191
2.95101 2.13064
2.24434 0.753409
2.86301 1.96337
3.09834 2.02527
2.83349 1.47789
3.04582 2.05128
1.94852 0.872332
3.21325 2.14479
2.02181 0.752012
2.11573 0.942959
2.8455 1.3652
2.04222 0.749295
2.71724 1.46953
1.96409 0.688454
1.9888 0.515864
2.00363 0.615312
2.65769 1.35379
2.448 1.28835
1.76558 0.444705
2.58807 1.20704
3.34925 2.11833
3.17209 2.01394
2.86266 1.49282
3.21745 2.24277
2.33084 1.20776
3.23957 2.13716
2.56549 1.45469
1.74564 0.264663
2.16123 0.623706
1.93045 0.209336
1.84682 0.600474
2.87379 1.81689
2.19875 0.986637
2.59506 1.52991
3.00404 1.66011
1.74613 0.134381
1.87851 0.446932
2.65483 1.27342
2.15937 0.567231
2.67048 1.43209
2.80682 1.58163
2.6239 1.19516
2.96815 2.06137
2.63561 1.28342
2.31552 1.09208
3.01831 1.95508
2.75989 1.30097
2.62179 1.3179
3.00333 2.117
1.9323 0.495226
2.26914 0.813588
1.77444 0.30067
1.9477 0.779551
1.89821 0.230153
2.24936 0.708246
2.70211 1.22997
2.05722 0.700275
2.26738 0.916535
2.99891 1.79438
3.10865 2.16227
2.15492 0.561299
2.58419 1.30948
2.0067 0.511275
2.87958 1.98332
2.24789 0.57325
2.55446 1.19928
2.99052 1.8297
1.80673 0.469704
2.07656 0.761131
2.81659 1.64349
2.35262 1.06923
3.0062 1.85866
2.95255 1.84871
2.7018 1.51976
2.71801 1.49656
3.2839 2.07323
2.58482 1.2738
2.43015 0.959905
3.07126 1.97101
2.02858 0.630451
2.11262 0.677707
2.95372 2.03198
3.20753 2.26466
2.6952 1.26259
2.62427 1.61237
2.58217 1.0955
2.88877 1.49878
2.87762 1.47832
1.99728 0.558382
3.19119 2.18272
2.25656 0.644277
2.10687 0.734958
2.89296 2.11477
2.57039 1.31343
2.08056 0.525874
2.212 0.435318
1.90568 0.345077
2.42562 1.27516
2.6767 1.37984
2.67476 1.46329
2.98352 1.74759
1.79708 0.415454
2.95897 1.84164
2.17563 0.7606
3.04745 2.17876
2.69967 1.43344
2.09039 0.712769
2.94244 2.07347
3.10211 2.07851
2.28151 1.05764
2.97049 2.06508
3.30632 2.08413
1.70931 0.227551
1.90955 0.588769
1.96811 0.663096
2.30372 0.74054
2.57405 1.37748
2.13237 0.833941
2.75495 1.32511
2.02139 0.517011
2.25157 0.784224
1.96887 0.282163
1.9474 0.368283
2.53251 1.18271
1.95342 0.607615
2.29833 0.93023
1.91462 0.710253
3.08506 1.8997
2.3382 0.855118
2.46368 1.20725
2.2475 1.02892
1.98921 0.560063
1.84464 0.26832
2.87329 1.96797
2.00934 0.654999
3.15531 2.20346
3.12491 2.10009
2.55859 1.05794
2.18551 0.922656
3.05603 1.88063
3.02571 1.95539
2.81909 1.41613
2.36337 0.886133
1.83798 0.411602
3.06189 2.00226
2.53012 1.51254
2.48738 1.62218
3.0915 2.13868
2.42239 0.97158
2.6278 1.19411
2.23382 0.911769
2.41284 1.12585
2.49884 1.09909
2.11553 0.508831
2.18934 0.945174
1.74131 0.246189
2.0809 0.628008
2.48002 1.1057
2.47189 1.27131
2.33075 1.29261
2.31989 0.729191
1.9627 0.1696
2.84284 1.8941
2.30609 0.746673
2.78422 1.69618
2.30978 0.876006
2.14806 0.376794
2.17038 0.908852
1.9408 0.616452
2.64303 1.3413
1.81722 0.546549
1.5678 0.330802
2.86513 1.67532
2.5726 1.36485
3.00775 2.12275
2.3864 0.778984
3.27348 2.18026
2.27117 0.788285
2.10828 0.794229
2.25776 1.08265
1.90588 0.194571
3.23262 2.06671
1.93546 0.436838
1.82406 0.314868
2.2343 0.981665
1.87417 0.468147
2.91498 1.78254
2.73832 1.53095
2.81033 1.783
2.1034 0.616836
1.84157 0.200315
3.07299 1.86922
2.99471 1.67351
2.58272 1.41426
2.94945 1.6284
2.32769 1.19644
2.83627 1.54409
3.08999 2.00735
2.85601 1.91249
2.37238 1.02097
3.1359 1.97078
1.83147 0.30023
2.91955 2.01593
3.1368 1.99804
3.11644 2.02436
2.27206 1.2034
2.19827 0.841035
2.09809 0.673193
2.02657 0.694139
2.08938 0.677534
3.06383 1.90631
3.00377 2.01947
2.97392 1.86702
3.18282 2.2922
3.27275 2.03673
1.9815 0.388623
2.02106 0.422979
3.04183 2.0516
3.23216 2.12628
2.30111 1.27583
2.84371 1.9493
2.98234 1.74615
2.68496 1.30429
3.10611 1.78849
2.11555 0.698491
3.12763 1.92213
3.00864 1.94675
2.92349 1.80576
2.64849 1.40372
3.00088 1.72916
2.0583 0.712516
1.98457 0.993969
2.85386 1.66195
1.90776 0.217916
2.48796 1.02904
2.47941 1.31167
1.98523 0.558151
2.49222 1.07441
1.75203 0.211389
1.9718 0.580387
3.25041 2.04653
2.61144 1.45827
2.69983 1.68497
1.91764 0.244402
2.57339 1.3694
2.24304 0.872654
3.05914 2.30294
3.01685 1.77432
3.04173 1.99071
3.0718 1.88257
2.07595 0.636915
2.32355 0.874088
2.74262 1.54538
2.29364 0.796915
2.60386 1.45089
2.10758 0.605972
2.02771 0.735599
2.339 1.03091
2.75554 1.57397
2.72629 1.45955
2.62747 1.26265
2.23074 0.665608
2.71671 1.59124
3.01103 1.89139
2.22399 0.879298
2.48813 1.29232
2.31324 0.879982
2.78822 1.57583
2.92708 1.8288
2.05688 0.572238
2.15621 0.712676
2.37371 0.833206
2.09135 0.847575
2.79805 1.68079
3.08826 2.27846
1.71705 0.468315
2.50979 1.20142
3.23075 1.99331
3.11344 1.81829
2.11523 0.882981
2.35845 0.793325
2.17488 0.870883
1.90847 0.44327
3.21631 2.16089
2.8872 1.99336
2.76819 1.47156
2.42938 1.04616
2.93116 1.64501
2.97963 2.1075
2.87225 1.73786
2.22882 0.742506
2.47264 0.83257
2.04707 0.5839
2.71317 1.49747
2.99264 1.91758
2.83245 1.74529
2.07304 0.869661
2.91232 2.18194
2.37268 1.1925
2.56359 1.3016
2.06133 0.642601
1.97315 0.315002
2.37474 1.243
1.58879 0.356647
2.10577 0.276165
2.86962 1.71792
2.96104 1.84773
2.77316 1.51233
3.10746 1.98811
3.08083 1.96466
2.8178 1.61112
2.57107 1.44102
2.25573 0.801411
2.15283 0.978433
2.89369 1.65763
2.13181 0.896631
1.80228 0.359654
2.36341 0.958764
3.0582 2.0035
2.24729 0.738938
1.94627 0.229709
2.94564 1.55241
3.02584 1.92889
2.91166 1.42008
2.43611 1.0769
2.51693 1.32796
2.34671 0.925991
2.47052 1.08361
2.79364 1.81774
2.71895 1.54605
2.79604 1.83559
2.20471 0.71425
2.93773 1.78704
1.95523 0.241979
2.92727 1.86441
2.51712 1.12038
2.26996 0.994514
2.36661 1.2351
2.404 1.10774
2.43788 1.16808
1.88651 0.314241
2.50866 0.936142
3.12533 2.02048
1.82082 0.140905
3.11794 2.139
2.25019 0.487492
2.16708 0.963243
2.81614 1.78169
2.26212 1.08358
2.06036 0.495502
2.74412 1.51766
2.80512 1.75183
2.0931 0.696359
1.78925 0.281336
2.35545 1.07606
3.21956 2.29055
2.37807 1.12933
3.04483 1.79796
2.81839 1.55852
3.17383 2.0813
2.22444 0.85062
2.45428 1.13668
2.04181 0.702304
3.00905 1.83859
2.94411 2.10505
2.43339 1.17824
3.13535 1.97483
3.03476 2.16293
2.51341 1.32033
2.34836 0.935843
2.51216 1.11886
2.70198 1.36194
1.89289 0.871735
2.1696 0.580214
2.51289 1.24855
2.55938 1.87059
2.91603 1.84252
2.04468 0.755165
2.78289 1.72524
2.92963 1.69374
2.87267 1.43193
2.71104 1.26222
2.08073 0.928286
2.1401 0.674112
3.15361 2.04067
2.66458 1.67976
2.93569 1.88048
2.13275 0.736588
1.9428 0.238418
2.05115 0.679383
2.77801 1.47018
2.25956 0.972898
2.47304 0.916189
1.83503 0.540923
2.86709 1.47971
1.91421 0.313628
2.5199 0.946014
2.08627 0.611359
2.13135 0.513175
2.50178 1.1586
2.37256 0.909369
2.11668 0.716598
2.50078 0.958899
2.97533 2.15096
2.12937 0.722967
2.11397 0.720105
2.11264 0.699492
2.53441 1.23826
2.70836 1.37691
2.88177 2.01876
3.16517 2.02051
2.52466 1.27048
2.72443 1.42644
2.40104 1.22745
2.24347 0.859667
3.17099 2.01
2.87615 1.7958
2.33056 1.08274
1.82772 0.509444
2.66114 1.35577
2.77312 1.52342
2.2202 0.724017
2.57916 1.01724
2.17648 0.82645
2.20561 0.719168
2.78668 1.64519
2.71042 1.47057
2.55213 1.57691
2.5916 0.74605
2.23931 0.43377
2.20388 1.18469
3.05784 2.03216
2.00845 0.52435
1.87872 0.295301
2.27455 0.80549
1.98859 0.467007
2.10584 0.678732
2.1153 0.617933
1.92895 0.633361
1.91695 0.489533
3.26368 2.28487
2.95427 2.05914
3.18786 2.10571
2.2501 0.818691
2.95241 1.55429
3.04427 1.75558
2.02852 0.389172
3.13406 2.18518
3.0516 2.20757
1.80465 0.347031
2.51531 1.05412
2.67958 1.66234
3.13414 2.19702
1.99739 0.376869
2.77698 1.50231
2.46011 0.974413
2.67602 1.64362
2.21434 0.813059
1.83802 0.386331
2.91109 2.05511
2.42783 0.751464
2.66049 1.32141
2.29316 1.07174
2.55791 1.20068
2.89251 1.73802
2.74439 1.75169
3.10237 1.85388
2.09922 0.536869
3.0403 2.24926
2.7747 1.59736
3.01862 1.91877
1.90681 0.509122
3.03241 1.5104
3.13627 2.13392
1.76244 0.154891
2.2955 1.06267
2.418 1.18236
2.61714 1.62784
3.22625 2.16887
3.27317 2.08442
2.13884 0.769245
2.76524 1.46015
2.97033 1.86194
2.54867 1.04939
3.04055 1.92495
1.96741 0.377665
2.05295 0.426309
2.10181 0.700689
2.30418 1.21818
2.33782 1.06564
2.33306 0.842885
2.59382 1.71015
2.0402 0.629344
2.34707 0.78283
1.90906 0.323916
2.96221 1.95644
2.84308 1.73903
2.03865 0.436867
2.961 1.65221
2.31514 1.10969
3.18516 2.05326
2.29026 0.809034
2.65697 1.13739
2.70001 1.50833
2.28976 0.824029
2.20451 0.687024
1.80178 0.0508906
2.61732 1.05984
1.82066 0.189728
3.04576 1.90509
2.85548 1.46784
3.16786 2.02003
3.08428 2.01257
1.97054 0.484651
2.14537 0.551874
2.6848 1.40414
3.31584 2.06826
2.51338 1.20022
2.95823 1.86288
2.94056 1.49981
1.91967 0.551223
2.59953 1.31719
1.99975 0.766907
2.0634 0.500511
2.80508 1.60167
1.99354 0.124664
2.44213 0.9096
2.42957 1.25149
2.994 2.21751
2.8926 1.59904
1.97993 0.218518
2.94991 1.90908
2.80009 1.72161
2.29785 0.8416
2.66715 1.78896
2.09437 0.637862
2.04961 0.561529
2.00781 0.662219
2.30097 0.817582
3.11357 2.03764
2.383 1.27282
2.71891 1.51046
2.73938 1.71115
2.11798 0.88488
2.23283 0.874735
2.27571 0.794394
1.86593 0.520524
3.05959 1.99539
2.65322 1.42204
3.15483 2.14251
3.33077 2.14853
2.64712 1.36489
1.99754 0.333167
2.49136 1.00875
3.10451 2.02296
2.02603 0.308825
1.85008 0.327141
2.40492 1.0975
2.17268 0.884652
3.00214 1.84981
3.04997 2.03948
2.63029 1.34969
1.75407 0.204866
2.32823 0.613267
2.5613 1.2391
1.98901 0.344637
2.99827 1.79647
3.00516 2.14814
2.90877 1.67919
1.94305 0.478855
2.87941 1.50441
1.88713 0.668275
2.84628 1.44204
2.42684 1.06805
2.28281 1.00601
1.52755 0.204128
2.74222 1.3855
1.9666 0.602119
2.13557 0.309577
2.0197 0.370892
2.80879 1.79111
2.87439 1.96847
3.12966 1.89631
2.70869 1.21025
2.07138 0.76829
2.15581 0.85987
2.28617 0.821041
2.41098 1.03187
2.84276 1.73421
2.41453 1.02873
2.99576 2.22066
1.71152 0.400259
3.04535 1.98358
2.87157 1.97883
2.58335 1.15271
2.90569 1.93407
2.93375 2.06631
2.13989 0.911058
2.04215 0.250783
2.52878 0.952382
1.85342 0.272725
2.47681 1.21238
2.34804 1.17647
2.15144 0.589969
3.02972 1.7015
2.56651 1.2968
2.75563 1.70809
2.71469 1.59997
1.91901 0.550704
2.24835 0.967744
2.77699 1.44705
2.22702 0.546152
2.81402 1.64758
2.76847 1.52976
3.01602 1.74551
2.68726 1.47597
2.06801 0.883813
2.039 0.571284
3.2205 2.07475
1.87727 0.427749
2.72381 1.71465
2.09117 0.761346
2.49792 1.19968
1.90259 0.235961
2.78886 1.5078
1.79245 0.247838
2.21761 0.81859
2.94914 1.64427
2.79237 1.63984
2.69812 1.55981
2.50811 1.32183
2.70885 1.53959
2.74541 1.64087
1.96918 0.236067
3.09069 2.02955
2.99657 1.9247
2.58179 1.58717
1.96472 0.545723
1.74709 0.248171
3.25183 2.18525
2.04892 0.556518
2.24887 1.1355
2.79604 1.76288
2.29681 0.657736
2.47644 1.42277
2.08623 0.701988
2.56021 1.1648
2.20965 1.19506
2.00016 0.450041
2.21982 0.954548
3.09651 1.78595
3.07669 2.00569
2.93967 1.68213
2.63887 1.52395
2.55491 1.4873
2.0096 0.419272
2.30612 1.2572
2.8182 1.56617
2.36833 1.2604
2.80125 1.61387
2.03745 0.750141
2.52162 1.2
2.03566 0.716735
3.14521 2.26755
2.76911 1.54147
2.63104 1.28775
1.87674 0.450121
2.74382 1.49185
2.63459 1.44573
2.58166 1.49987
2.28372 0.787971
2.85595 1.64021
2.90782 1.95367
2.19841 0.825109
2.00551 0.63119
2.67472 1.30999
2.33018 0.771177
2.19642 0.930002
2.91287 1.69169
2.8591 1.47954
3.10075 1.94373
1.78463 0.392802
2.84397 1.66466
3.21075 2.29744
2.61411 0.784798
3.24821 2.18932
1.88215 0.325195
2.73598 1.12627
2.59425 1.48032
2.39757 0.967148
2.10803 0.704893
2.1123 0.36825
2.27367 0.689906
2.13611 0.436318
3.15904 2.0211
2.44202 1.14349
2.01338 0.7517
2.2076 0.6816
2.5689 1.03788
1.97647 0.40754
1.78609 0.234063
2.59995 1.19083
2.46625 1.03588
2.01982 0.51397
2.14213 0.597599
2.55196 1.10606
2.52169 1.2737
2.93415 1.68849
2.75366 1.55562
2.19366 0.633858
1.9027 0.694133
2.69203 1.45361
2.91246 1.74934
2.26598 0.541426
2.45303 0.866598
1.80326 0.32071
2.51801 1.04996
2.95189 1.81111
2.22662 0.719787
3.18239 2.02299
2.22484 0.720537
1.95983 0.276022
2.78324 1.60954
2.27105 0.887203
3.29631 2.21047
2.91422 1.64566
2.29092 1.08282
2.69183 1.72977
3.042 2.02466
2.68846 1.41665
2.01933 0.245723
2.29711 0.796925
2.66883 1.38102
2.71377 1.54939
2.98241 2.25776
1.86419 0.223251
3.29641 2.03308
1.97295 0.282512
1.94581 0.467383
2.97544 1.71992
1.699 0.378559
3.21985 1.99636
3.11569 1.95104
2.94649 2.14019
2.38043 1.02688
2.58281 1.30881
2.93698 1.77546
2.91667 1.717
2.70281 1.43662
3.07093 2.17197
1.78401 0.24643
2.61649 1.38826
2.61734 1.39844
2.14242 0.853348
1.93361 0.542034
2.55052 1.19026
2.91907 1.90595
1.91756 0.641421
2.12387 0.747858
2.92331 2.20368
2.58181 1.24232
2.77448 1.52979
3.04994 1.98197
2.58253 1.39476
2.40082 1.04463
1.82011 0.17321
3.01509 2.0738
1.81301 0.448151
3.01251 1.70823
2.68865 1.45797
2.14611 0.777139
2.0369 0.530221
2.17652 0.719379
2.77425 1.51938
2.51353 1.21126
2.30394 0.804064
2.51602 1.06878
2.02327 0.402096
2.77966 1.66119
2.23014 1.08611
2.17307 0.94053
2.43298 1.6014
2.67681 1.56677
3.21607 2.13317
1.84578 0.487145
2.74827 1.3602
2.55009 1.42347
3.14704 1.99516
2.24181 0.758049
2.45306 1.14953
2.52153 1.38349
3.18514 1.94542
2.63838 1.68582
2.08628 0.453628
3.11859 2.12827
1.83804 0.150599
1.94248 0.379074
2.478 1.31314
2.05246 0.590835
2.22244 0.828303
1.78428 0.421358
2.01113 0.584131
2.14758 1.02963
2.72788 1.41147
2.41759 1.10744
2.63799 1.3803
3.03234 2.09576
2.51403 1.22266
2.57591 1.44315
2.39056 0.898815
2.97542 1.88805
3.08107 2.01983
2.6387 1.22385
1.9236 0.338066
2.05527 0.706685
2.69628 1.46684
2.23579 0.898611
3.19966 2.21508
2.76017 1.53296
2.88212 1.57017
1.94492 0.590345
1.84032 0.165658
2.68601 1.29216
1.9416 0.376411
2.82424 1.53853
2.77178 1.51132
2.49465 1.03851
2.14966 0.605015
2.86777 1.75812
1.68001 0.206441
1.87563 0.509806
2.81409 1.38769
3.20297 2.14648
2.92059 1.83033
2.72316 1.342
2.05405 0.391531
2.70479 1.43226
2.72281 1.76647
1.75148 0.181562
2.25577 0.703133
2.77182 1.38583
2.02936 0.802021
1.82855 0.280304
3.04536 1.84487
2.20652 0.533552
2.72296 1.44472
1.88546 0.270984
2.97579 1.88015
2.65756 1.51186
2.35016 0.954789
3.07027 1.83662
2.51778 0.980421
2.14543 0.73312
1.99973 0.545886
2.73387 1.3146
2.50348 1.4366
3.01505 1.87014
2.1834 1.13075
2.10513 0.632422
2.33688 1.2263
2.47029 1.18463
1.85117 0.382028
1.80619 0.0442435
1.6746 0.372585
3.03374 2.18658
2.30383 1.08008
2.02028 0.330124
2.86137 1.59502
2.41064 1.1263
2.18424 1.02641
2.7045 1.30137
2.72646 1.42436
2.16261 1.08386
2.77961 1.4984
2.38882 0.867417
2.24653 0.962258
1.9642 0.321558
2.49027 1.72886
1.74853 0.139814
2.74765 1.55429
1.97121 0.151756
1.86585 0.235179
1.60334 0.198629
2.58856 1.34409
2.89543 1.80367
2.58199 1.4884
2.0854 0.576138
2.61299 1.28896
2.29357 1.02233
2.00916 0.594798
2.06698 0.522376
2.36132 1.16733
2.05537 0.716804
2.83259 1.99296
2.64098 1.63947
2.95504 1.81193
2.82021 1.59787
2.1435 0.39023
1.63778 0.486782
2.48387 1.19724
2.46346 1.39394
3.02172 2.23295
2.30858 1.05136
3.08062 2.25684
2.25405 0.678643
1.84036 0.346156
2.87036 1.47802
2.63134 1.48716
2.46947 1.30389
3.06933 1.65124
2.49997 1.05769
2.93188 1.68736
2.00003 0.597479
1.94526 0.311601
2.97043 1.96209
2.10741 0.875524
1.94858 0.431911
1.76991 0.397494
2.52999 1.25197
2.09833 0.572955
2.81241 1.49813
3.04791 1.86443
2.01397 0.608382
2.48167 1.41125
2.77151 1.64504
2.28872 1.01938
1.99681 0.533545
3.0388 2.03801
2.9137 1.80222
3.00385 2.08033
3.10425 1.85666
3.1125 1.99023
2.74467 1.42593
2.37133 1.13775
2.39598 0.844
1.97384 0.685088
2.15439 0.822484
2.6398 1.40999
2.20048 0.886841
2.73241 1.55898
2.88747 1.7566
2.89483 1.78486
2.38677 1.26579
3.17564 2.1786
1.91416 0.318103
2.13715 0.707277
1.8332 0.139862
2.71188 1.5404
2.81446 1.46583
2.64677 1.67033
2.08087 0.792444
3.28106 2.25846
2.14267 0.730136
2.95856 1.89014
1.83439 0.4224
1.97872 0.226424
2.95005 1.86126
2.87817 1.85511
3.1355 1.76266
2.38091 1.1233
2.25819 0.868677
3.14483 2.10934
2.30856 0.883192
1.89297 0.451667
2.87186 1.47009
2.69108 1.71601
3.1581 2.02221
2.64722 1.23185
2.22277 0.676948
2.70299 1.35945
2.01093 0.713089
2.00438 0.583152
3.01839 1.92369
2.41088 1.46221
2.38998 0.830499
2.78881 1.574
2.25662 1.05709
2.24624 0.724895
2.75104 1.595
2.82472 1.74744
2.18082 0.785532
2.73649 1.29141
2.25731 0.835515
2.86291 1.99261
2.00831 0.569108
2.51638 1.40455
2.49369 1.46046
2.36963 1.08981
2.63176 1.65048
2.64913 1.41739
2.35267 0.853737
2.3656 1.10989
1.88403 0.390883
3.079 1.75483
2.33868 1.11618
3.04602 2.1744
2.90451 1.78171
1.98064 0.419729
2.70205 1.34445
2.95831 1.65903
1.83747 0.231467
1.89448 0.254049
2.09856 0.450448
2.64339 1.73389
2.73177 1.3069
2.31756 0.567751
2.68231 1.44347
2.46235 1.1997
2.76667 1.46089
2.43424 1.33228
2.28876 0.886684
2.83946 1.66583
2.31672 1.04996
2.8357 1.68501
2.63268 1.36298
2.63627 1.19304
2.45944 1.24309
2.5974 1.59088
2.48178 1.29477
2.50098 1.18942
2.44021 1.24
1.83862 0.538655
2.44505 0.858576
2.73348 1.74714
1.86857 0.27989
2.1086 0.804317
2.73218 1.72722
2.24075 0.908406
2.79014 1.45487
2.73182 1.51493
2.4714 1.45211
3.1397 2.19976
2.09146 0.928288
2.76049 1.3835
1.83542 0.423004
2.09603 0.403381
3.02385 1.88308
2.16589 0.667037
2.52148 1.0292
2.28991 0.975515
3.19457 1.86756
3.06021 1.98878
2.20804 0.942835
2.1855 0.752628
2.28082 0.823359
2.39854 1.0338
2.03338 0.471593
2.91764 2.0008
2.46 0.927094
1.9438 0.440959
2.75945 1.48131
2.77061 1.61928
1.94556 0.296651
3.05058 1.75947
1.77653 0.414581
1.94748 0.646392
2.58749 1.48571
2.39275 1.22465
1.85514 0.267243
1.85591 0.19105
2.11747 0.50355
2.47048 0.990178
3.05525 1.9535
2.21048 0.611761
1.9492 0.743943
2.21929 0.569239
2.0182 0.387392
2.74864 1.67197
2.77084 1.57633
2.11535 0.788689
2.31474 0.941212
2.20588 0.859322
2.91836 2.22463
2.80695 1.45501
2.36205 1.18973
3.09681 2.16096
3.31699 2.169
2.09526 0.388422
2.7389 1.49055
2.21849 0.773211
3.33525 2.18045
2.9212 1.83614
2.88129 1.90121
1.9609 0.547977
3.03655 2.15266
2.94432 1.75848
3.04863 2.10451
2.91895 1.9081
2.58409 1.32979
2.15723 0.74782
3.02513 2.06304
2.81157 1.70533
2.18682 0.797743
2.61585 1.40511
2.33628 0.964921
2.05267 0.702188
3.15409 2.10522
2.4372 1.08026
1.80827 0.377507
3.04855 1.79869
2.93988 1.94454
2.92942 2.03317
3.00908 1.72708
2.92221 1.95099
2.31811 1.16179
2.73377 1.65618
1.94763 0.686097
2.10209 0.53457
1.89447 0.432324
3.40874 2.11857
2.80683 1.80094
2.02118 0.466784
3.15268 2.22962
3.05239 2.01818
1.79893 0.381441
2.25939 0.744351
2.23147 0.847911
1.95648 0.636259
1.94817 0.529144
2.355 0.794054
1.77824 0.25664
2.20808 0.657135
2.68837 1.85553
2.006 0.668622
3.0749 2.05007
2.4288 1.28761
2.08096 0.514738
3.17795 2.20577
1.93134 0.546381
1.86559 0.238003
2.92837 1.98786
2.61594 1.6735
1.8687 0.530451
2.26833 0.643131
2.45309 1.33296
2.29798 1.13204
2.82891 1.39792
2.81773 1.28653
2.55709 1.21682
2.26824 1.02001
2.75728 1.5058
2.35793 1.17362
2.5247 1.09806
1.74908 0.0999687
3.21154 1.9716
1.94254 0.42843
1.99985 0.618033
2.32606 1.1329
2.80436 1.84121
2.246 0.988515
2.44926 1.1103
2.36735 1.27736
2.02652 0.612359
2.08368 0.485937
2.63231 1.49387
2.89289 1.75102
2.96794 1.82056
2.77897 1.87281
3.06585 2.04484
2.22982 0.955116
3.09393 1.98139
2.74771 1.53208
2.4812 1.0573
2.62217 1.53562
2.04065 0.729121
2.37159 1.02005
2.70519 1.66699
3.09985 2.0781
2.41317 1.14278
1.88701 0.554873
2.79691 2.0247
2.9616 2.09677
2.15473 0.607831
2.10419 0.457746
2.41753 1.30143
2.25836 0.993469
2.60891 1.39494
3.06223 2.16075
2.51252 1.06617
1.76624 0.319431
3.14596 1.97075
1.88609 0.539763
2.73298 1.90767
2.45664 0.980391
2.89691 1.79463
2.36296 1.10322
3.0344 1.76023
2.33059 1.34526
2.0527 0.503878
2.24377 0.707576
2.11421 0.640954
2.7489 1.59814
3.0925 2.04386
3.12867 2.13625
3.16616 2.11949
1.96256 0.623621
2.13856 0.286401
2.69049 1.64144
2.66693 1.29913
2.09358 0.725367
2.46872 1.41561
2.99981 1.88123
2.93327 2.04894
3.11414 2.03249
3.24417 2.26448
2.52273 1.32576
2.71227 1.33406
2.31396 1.24805
1.78066 0.236993
2.07212 0.803716
3.18002 2.19031
2.70316 1.50516
2.22375 0.534726
3.08227 1.92174
2.01853 0.36836
2.39267 1.26409
2.43887 1.18304
2.50264 1.14318
2.54216 1.2767
2.31229 1.12567
2.65166 1.54935
2.09585 0.707561
2.32226 0.927606
2.93217 1.94259
2.21595 0.687541
2.27758 0.9343
3.08581 2.02426
2.15952 0.790937
2.00833 0.69181
2.73252 1.39743
2.33998 0.748546
2.19633 0.60023
2.18522 0.983781
1.9292 0.317608
2.83191 1.65348
3.0219 1.97365
2.77929 1.65974
2.54921 1.29731
2.62255 1.37966
2.93861 1.81108
3.04584 1.86658
1.90896 0.457257
2.84703 1.63457
2.81476 1.72706
2.55304 1.14135
2.78825 1.74334
2.64958 1.38223
1.87788 0.746939
2.50027 1.03104
2.84819 1.75646
2.37486 1.01331
2.95401 2.05823
2.92085 1.95734
2.34853 1.08484
2.833 1.76604
2.4518 0.937428
2.22313 0.879612
2.60402 1.2255
2.06462 0.465532
1.90621 0.567423
2.55458 1.25799
2.94608 1.8449
2.36796 1.00133
2.01021 0.84447
2.38673 1.01924
3.13511 2.05134
2.60332 1.27814
2.92283 1.83313
2.93563 1.66027
2.45582 1.49165
2.33111 1.04533
2.17126 0.954945
2.97825 1.95724
2.06501 0.399599
3.08129 2.0647
3.18763 2.06924
3.31529 2.22046
2.89681 1.98115
1.83934 0.432307
3.39774 2.19112
2.19302 0.63441
2.81519 1.70872
2.8174 1.85051
2.55513 1.48582
1.98455 0.763472
2.35807 1.12104
1.68971 0.367329
2.31575 1.03847
2.87624 2.0008
3.1499 2.19851
2.99267 1.76493
1.99485 0.26357
1.80174 0.473259
3.16051 2.11151
1.78277 0.385552
1.81567 0.613142
2.16902 0.640048
1.79422 0.448933
2.34462 0.73399
1.75939 0.261138
1.72315 0.212987
3.04064 2.03402
2.29018 1.09893
2.20379 0.806745
2.14208 0.896578
2.3971 1.30786
3.07536 2.13132
1.62532 0.276428
2.95085 2.06022
2.23379 0.640502
1.77689 0.354307
2.1495 0.698456
2.5153 1.1215
1.7828 0.382677
2.90946 1.92964
2.48462 1.44545
2.33081 0.904206
2.44209 1.37666
2.21106 0.917855
3.0758 2.03071
2.25414 0.82544
2.93011 1.78462
2.70219 1.54231
2.74282 1.47085
2.76238 1.55112
2.17025 0.765588
1.76453 0.189359
3.04365 1.96578
2.92643 1.75308
2.39724 1.31192
2.20751 0.543676
2.90137 1.79229
2.97569 1.54745
2.3065 1.0688
3.17672 1.98625
2.0791 0.631619
2.4266 1.10006
1.95929 0.641992
2.61515 1.26017
2.46801 1.36025
2.7315 1.45265
1.63069 0.289803
2.40725 1.25818
2.2287 0.762913
2.31862 0.912453
2.58892 1.66641
3.15273 1.98533
2.141 0.464605
2.3487 1.02158
2.14861 0.748801
2.04164 0.696381
1.9868 0.379148
2.99785 1.78575
2.46083 1.25055
2.31303 1.26658
3.02523 1.84624
1.80686 0.148433
1.91014 0.228936
2.17703 0.578274
2.14345 1.10179
3.14828 1.80365
2.91627 1.87308
1.81944 0.208572
2.40608 0.82643
2.03147 0.452156
2.97511 1.8982
3.10043 2.01388
2.83475 1.67245
1.85326 0.211212
2.12079 0.64356
2.56232 1.25812
2.43534 0.971304
2.68674 1.74964
2.45079 1.43324
2.13916 0.709044
2.37605 1.13626
1.86805 0.475757
1.72945 0.339206
3.07513 1.89165
2.79738 1.86761
2.98427 1.88087
2.17709 0.746075
2.0846 0.72432
2.28265 1.12386
2.46522 1.52478
2.93777 1.98513
2.15039 0.500064
2.53635 1.43168
2.34478 0.856407
2.47201 0.951186
1.63807 0.270273
2.54697 1.04825
3.10134 2.06262
1.83885 0.395122
1.86565 0.375438
2.39214 1.16519
2.52525 1.05588
3.08751 2.00177
2.29659 0.857139
2.3716 1.15266
3.103 2.03405
2.00592 0.291542
2.03177 0.599021
2.1762 1.02618
2.27272 0.934288
3.02856 2.00198
3.0284 2.08434
2.11278 0.588877
1.82327 0.243299
2.56822 1.24503
2.36967 1.29123
2.09788 0.469763
2.7706 1.57577
2.05989 0.586357
2.81316 1.71618
3.02394 1.69958
2.56576 1.34416
2.02673 0.75758
1.96051 0.27159
2.54443 0.93999
3.11413 1.9021
1.85204 0.402341
2.00833 0.560942
3.01734 1.88026
2.81021 1.98896
2.2405 1.08661
2.57566 1.41496
3.00355 1.85071
2.40137 1.07952
1.80873 0.229624
3.19842 1.9727
3.07764 2.12269
1.98282 0.338959
1.75206 0.199143
1.91832 0.545757
2.58342 1.53171
2.38047 1.19072
2.5446 1.57223
2.49465 1.21068
2.20601 0.57195
2.27214 0.933243
2.93926 1.6467
1.92746 0.559619
2.98889 1.97172
2.26469 1.16399
2.38257 1.37633
2.88578 1.70913
3.0224 1.6614
1.86209 0.369913
2.12217 0.974461
2.92205 1.89776
2.39301 0.817276
2.00403 0.319824
3.17954 2.05278
2.67345 1.48136
2.56132 1.54148
2.24413 0.52934
2.25209 1.25326
1.93004 0.338765
2.60152 1.69419
1.97294 0.432608
2.87558 1.93351
2.39377 1.1028
2.16401 0.842863
2.49185 1.15084
2.93625 1.97559
3.05717 2.11335
2.98888 1.97736
3.11783 2.21703
2.96179 1.8605
2.55409 1.45551
2.06121 0.675758
3.0588 1.96454
2.94057 1.96874
1.68095 0.189516
2.12689 0.82358
2.80105 1.62238
2.19523 0.657505
2.17083 0.906538
1.90948 0.433902
2.24053 0.703962
2.6287 1.32771
2.86063 1.80614
1.98694 0.342824
2.43524 1.26444
3.0208 1.88859
2.50249 1.14152
2.47108 1.12181
2.97838 2.03674
2.42657 0.894039
2.92014 1.90718
2.08921 0.404724
2.93278 2.07637
2.7699 1.57173
2.31327 0.720296
2.08453 0.539501
2.26542 0.978664
2.47884 1.14347
2.89945 1.94148
1.96166 0.277403
2.94567 1.81491
3.13613 1.91505
3.18797 2.07913
2.7793 1.46286
2.58469 1.12953
2.52806 1.4722
3.0148 2.04997
2.88286 1.74249
2.35211 1.13159
1.98173 0.466682
2.28261 0.746277
1.83228 0.20131
2.84711 1.66891
2.563 1.0581
2.54087 1.30211
2.07719 0.717695
2.63927 1.30652
1.97054 0.790267
2.3231 0.737003
2.87745 1.79605
2.20997 0.564617
2.41036 1.02616
2.95261 1.70891
2.22929 0.774172
3.11431 2.13261
2.11857 0.498346
2.04004 0.442405
2.5076 1.15261
2.5615 1.37076
2.88021 1.89619
3.01468 1.99663
1.78148 0.342344
2.59198 1.49639
1.8693 0.193034
1.98108 0.208817
2.09802 0.449161
2.79479 1.6692
3.23346 2.10968
2.39002 1.19436
1.94519 0.44542
2.2944 1.07236
2.24283 0.866831
2.93658 1.92851
2.85352 1.53954
2.56278 1.21783
2.20051 0.503915
2.23271 0.892677
2.44227 0.947737
1.8382 0.607273
1.67604 0.381726
2.31979 1.32575
1.8718 0.408523
3.10953 1.98897
3.13401 1.91068
2.65623 1.09899
2.73978 1.72532
2.24998 0.441421
2.13846 0.801978
3.05423 1.81794
2.20466 0.691839
2.46399 1.03467
3.00289 1.86008
2.92343 1.78252
1.86238 0.201224
1.88356 0.605601
2.6732 1.26503
1.79114 0.446493
2.36328 1.10712
2.97281 1.88217
3.01183 1.94864
2.9135 1.74907
2.32008 1.25418
2.29426 1.05896
3.06797 1.78013
2.83149 1.77245
1.93554 0.702428
1.84664 0.315762
2.33637 1.16019
3.18561 2.09027
2.73061 1.32617
2.3218 0.316259
2.49079 1.15115
2.95037 1.83305
1.80821 0.593356
2.76194 1.6163
3.21364 2.19674
2.90759 1.63451
2.88467 1.52059
3.12559 2.01993
2.63553 1.28323
2.22231 0.537488
2.72222 1.43569
2.01604 0.670547
2.37443 1.10036
1.71592 0.15313
2.86436 1.73379
3.07878 1.83006
2.29168 0.927355
1.93471 0.436291
2.79807 1.37805
2.21783 0.582024
2.9153 1.90011
2.0208 0.533682
1.77397 0.351581
2.06375 0.650374
2.16388 0.774505
2.96201 1.97893
1.76729 0.241973
3.1724 1.85954
2.87493 1.77338
2.88863 1.93261
2.19493 0.654119
2.81303 1.56798
2.30466 0.884383
2.97927 1.79738
2.05888 0.345042
1.86998 0.639514
3.13521 2.11857
2.58597 1.14207
2.07855 0.612468
3.18875 1.9668
2.11948 0.4952
3.03091 2.05277
2.35341 0.945089
2.8207 1.47679
2.20752 0.951145
2.76864 1.55071
2.86056 1.72228
1.86469 0.240481
2.31333 0.554802
3.12523 2.14006
2.6639 1.47259
2.27662 0.864567
2.15943 0.823067
1.81935 0.13815
2.61304 1.68757
2.15089 1.09919
2.14769 0.774926
2.13828 0.694962
2.8217 1.63449
2.28908 0.987428
2.39513 1.00657
2.21487 0.890803
2.31722 0.856044
2.44585 1.18964
3.08967 1.97316
2.8496 1.58533
2.04503 0.715664
2.15242 0.762775
1.74552 0.235754
2.36574 1.19123
2.79109 1.64961
2.50398 1.23176
2.53696 1.15265
3.10242 2.06407
2.68104 1.5696
2.53701 1.54661
2.05244 0.843018
2.48683 1.34083
2.03619 0.487337
2.26571 0.858038
2.15348 0.417886
2.05599 0.396624
2.50806 1.43517
2.03527 0.604649
2.99476 1.62995
2.27439 0.446041
2.05441 0.344306
2.28279 1.5079
2.53159 1.51017
1.87192 0.456256
2.18382 0.815958
2.66069 1.40364
2.1801 0.705034
1.95346 0.260266
2.34907 0.932472
2.45678 0.971651
2.69303 1.57869
2.99562 2.03848
2.21034 0.743701
2.83466 1.5288
3.03303 1.85535
2.19346 0.655974
2.33512 0.938297
3.18683 2.10577
1.93479 0.354463
2.45696 1.29364
2.08044 0.603811
1.9876 0.429826
2.12326 0.84317
2.32696 1.16069
2.73391 1.45704
2.63025 1.36704
3.30903 1.9956
2.09672 0.884168
3.28526 1.87336
2.82961 1.99246
3.19944 1.97241
2.67565 1.53045
2.97814 1.70079
1.90826 0.454901
2.80228 1.75287
2.00403 0.190462
2.59802 1.37416
2.94169 1.66019
2.51725 1.29376
2.09524 0.71169
2.82683 1.63792
1.67332 0.145894
2.23346 0.488476
1.98169 0.515729
2.17718 0.483604
2.97933 2.02476
3.21874 1.91985
3.0078 2.09414
2.5313 1.10658
2.44321 1.12024
2.99954 1.64321
1.84664 0.580041
1.82136 0.325732
3.03636 1.99245
2.54832 1.36369
2.95105 2.09942
1.99105 0.401424
2.32493 1.17226
2.592 1.31946
1.92834 0.483468
2.97308 1.90073
2.31021 0.961308
2.90894 1.62038
2.64964 1.28308
2.40877 1.14292
2.81426 1.52707
3.02484 1.9708
2.82641 1.67385
1.91449 0.532619
2.23777 0.855191
2.94432 1.99937
2.19725 0.808158
3.09718 2.25012
2.42026 1.06834
2.90535 1.91409
2.04007 0.524857
2.53797 1.30087
2.52709 1.30513
2.92962 1.62991
1.99775 0.425917
3.09943 1.99795
2.52976 1.34577
2.90907 1.76187
2.1112 0.775945
3.19169 2.13129
2.47032 0.874733
2.83681 1.58325
1.68128 0.309464
2.24203 0.621612
2.22599 0.80272
2.02036 0.58445
2.22001 0.853561
2.70731 1.31854
2.92648 1.70553
1.66657 0.239404
2.26189 0.800495
2.1887 0.882232
2.21095 1.07797
2.1793 0.883178
2.67777 1.39862
2.04061 0.547776
2.86367 1.44289
2.23199 0.826411
3.01513 1.97314
1.78995 0.542746
1.77968 0.292102
2.6378 1.5036
2.16664 0.348623
3.08646 1.92081
2.56139 1.06316
2.34889 1.3264
2.65624 1.39976
2.35736 0.949774
2.96859 1.86409
1.94684 0.592089
2.40846 1.08584
2.47911 1.26782
3.12902 2.17816
2.96841 1.85854
2.32523 1.28348
2.49574 1.30896
2.27384 0.897515
2.50691 1.52113
1.94191 0.599408
1.88092 0.565017
2.08525 0.401281
2.01771 0.570412
2.25416 1.21743
2.72144 1.52839
2.12205 0.709969
3.25624 1.95302
1.98671 0.427274
3.12823 2.17708
2.68423 1.50879
2.23236 0.575149
1.9557 0.47434
2.41175 1.17746
2.13374 0.207776
2.64243 1.70679
2.09035 0.583697
1.77865 0.369934
2.15205 1.01236
2.71861 1.63955
2.04678 0.695279
2.88232 1.79639
2.63309 1.513
2.22976 0.950375
2.41333 1.15722
1.96984 0.609255
2.02431 0.586308
2.88578 1.76293
2.10283 0.687248
2.1456 0.766661
3.01281 1.77293
2.73487 1.47092
2.48213 1.21219
2.27557 0.901729
2.42297 1.00216
2.67816 1.39622
2.12865 0.899473
2.17711 0.878338
2.59446 1.26811
2.46999 1.18991
3.10826 2.05687
2.95927 1.6731
2.73788 1.62058
2.54245 1.55598
3.04826 2.01147
2.90017 1.85169
1.96803 0.405153
1.8785 0.16181
1.62256 0.295067
2.83184 1.70133
2.09947 0.383747
1.83807 0.506536
2.12316 0.627102
3.20859 2.10591
2.10521 0.671421
2.70467 1.74325
2.7044 1.52651
2.2855 0.800437
2.75832 1.54878
2.59681 1.55534
2.27235 0.793497
1.88839 0.179742
2.06698 0.636323
2.69217 1.57195
2.98384 1.99548
3.16096 1.93494
2.37974 1.12382
2.20963 1.04511
2.71783 1.39529
2.45804 1.10285
2.82874 1.54956
2.68129 1.58437
3.04812 1.92433
3.01571 1.78714
2.6076 1.39076
2.59166 1.20886
2.58672 1.37256
2.3346 1.2298
2.54834 1.38802
2.59857 1.60501
2.29419 1.10057
3.29851 1.88374
1.93625 0.483216
2.30186 1.24911
1.74422 0.286752
3.25361 2.10599
2.37979 0.683167
2.34276 0.825677
2.4736 1.11047
2.14017 0.643782
2.60891 1.38171
2.52658 1.34921
3.24813 2.20577
2.66581 1.6528
2.08089 0.40666
1.90657 0.400955
3.40445 2.10043
3.02074 1.65358
2.75615 1.75104
3.08071 1.70064
2.68191 1.41955
2.15931 0.332695
3.02714 2.13719
2.46575 1.39428
2.91327 1.65036
2.10225 0.559611
1.82888 0.211204
1.89519 0.370516
2.03711 0.579423
2.45284 1.0006
2.98577 2.02267
2.25001 0.875015
2.50942 1.23915
2.27069 0.923898
2.85577 1.79196
2.42585 1.03689
1.98265 0.345301
3.09801 2.10999
2.06553 0.422114
2.11072 0.47743
2.73223 1.59601
2.33467 0.922855
2.82796 1.87264
2.01465 0.671023
1.79025 0.362845
3.00837 1.93956
2.06535 0.627317
2.6346 1.48236
2.83691 1.66412
2.23174 0.884631
2.16389 0.581526
1.9494 0.553965
2.34169 1.04474
2.91906 1.80134
1.83554 0.364345
1.76487 0.258536
1.86114 0.0436619
2.82277 1.64471
2.11604 0.812498
2.09886 0.448699
2.06948 0.664571
2.97809 1.76046
2.1433 0.779931
2.23813 0.645768
2.42536 1.13719
2.6016 1.55069
3.05093 1.94587
2.93331 1.87378
2.7323 1.66253
2.1961 0.836624
2.32226 0.906227
2.81389 1.71786
2.51264 1.1305
2.77131 1.85983
3.02896 1.54693
2.42499 1.56853
3.24116 2.19315
3.1469 1.95326
2.20849 0.672732
2.46234 1.09445
2.49618 1.23069
2.23973 0.736361
2.59478 1.57424
2.0965 0.535067
2.59956 1.00161
2.24207 0.86513
2.93753 2.01861
2.39777 1.44475
3.08963 1.74097
3.05062 2.12376
2.9585 2.02435
2.24171 0.661013
2.31251 0.751668
2.50625 1.19055
2.54778 1.0544
3.0576 1.83622
3.00092 1.76773
2.40486 1.13275
2.78017 1.65356
2.6329 1.43956
3.12013 2.14253
2.81551 1.88454
2.41045 1.25984
1.72971 0.456293
2.93895 1.94507
2.38787 1.16431
2.496 1.31502
2.79854 1.73341
2.0078 0.55659
3.05237 1.96348
2.63744 1.74965
2.40056 0.93917
2.1389 0.594745
1.64303 0.223483
3.24174 2.16196
2.51754 1.29162
2.31679 1.14895
2.77815 1.40875
2.53217 1.22225
2.97142 1.9736
3.18995 2.13268
2.39817 0.871916
2.18693 1.01709
2.50014 1.40351
2.25864 1.06017
3.21952 2.27587
1.88554 0.306294
2.77125 1.36423
3.24923 2.30104
3.03919 2.20512
2.17663 0.861578
2.82459 1.64524
2.02939 0.47374
2.7475 1.6075
2.82472 1.94567
3.11448 2.07174
1.99305 0.589286
3.03586 2.07485
2.89543 1.67138
2.12215 0.408356
2.64659 1.53805
1.76141 0.30868
2.72798 1.25821
2.42702 1.02232
2.91746 1.73812
2.76101 1.75867
1.96947 0.241933
2.93786 2.00878
3.19491 2.05108
2.91841 1.78483
3.09735 2.21489
2.08285 1.01367
2.80941 1.52819
3.06999 1.63201
2.99618 1.85552
2.43133 1.3973
1.99925 0.373372
2.78302 1.52494
2.71188 1.56715
2.84063 1.6551
2.89843 1.58376
1.67414 0.0870679
2.21876 0.950135
2.37632 1.44162
1.88701 0.307125
3.26821 2.26908
2.35695 1.08773
2.17641 0.521896
2.69355 1.33149
2.39546 0.966862
2.60599 1.66406
3.30688 2.08422
2.14425 0.882323
2.6299 1.56802
