2.13594 1.13368
2.75622 1.70041
2.39651 1.85006
2.52352 0.978719
1.82786 0.575863
1.80831 1.22039
2.88276 1.87577
3.17804 1.25971
2.50629 1.9784
1.72195 0
2.08369 2.67484
2.15339 0
2.7014 2.08791
2.05836 0.188158
2.64974 0.757584
2.68268 1.83764
2.4801 1.28499
1.99543 0.525482
2.59555 2.19568
1.75701 1.46828
2.19264 0.532084
3.59322 2.32993
2.6381 1.66001
2.18125 0
2.7036 1.15336
1.88672 0.704399
2.00772 1.63655
2.00434 2.69015
2.73931 1.95907
2.50802 1.40942
3.5837 1.82245
2.78773 1.37439
1.25328 0
2.2253 1.03211
2.2123 0.798108
3.411 0.787528
2.59468 1.36738
2.97239 2.07974
3.18402 2.46516
1.81803 1.15891
1.1703 0.863367
1.58748 1.47333
2.66545 2.66623
0.926283 0
2.5245 1.56132
1.39186 1.04692
3.19964 1.51565
2.77762 2.05457
1.84012 0.443019
2.0482 0.470755
2.55635 0.740197
2.74178 1.09153
1.90867 1.75945
2.57229 2.28006
3.42936 3.14159
2.45908 0.358609
1.8613 0
2.98279 1.02414
2.99063 0.882284
2.48838 1.2459
3.83032 2.34273
2.01243 1.40979
3.233 1.46034
2.27397 0.719958
2.34928 1.98282
2.59485 1.14082
2.81959 0.169758
2.81836 0.0837558
3.10933 2.24885
3.98366 1.95774
2.38428 0.624353
1.67862 0.48418
2.13882 0.875172
1.61844 0.0532644
3.26148 2.03021
2.41333 1.7422
2.71348 1.18554
2.20789 0.069004
2.52178 1.87835
3.3652 2.2703
1.29329 0
2.16411 0.632695
3.59442 1.19097
2.38875 0.571896
2.96593 1.21463
2.12789 0.856093
2.18272 0.797392
1.42482 1.15161
3.32785 0.931878
3.18429 2.07904
2.85114 1.1949
2.37944 0
2.13974 0.954517
2.048 1.17234
2.89869 2.15894
1.97722 1.37268
3.57507 2.38532
1.28057 0.636265
2.22275 1.12503
1.94902 1.08403
3.03506 0.725651
2.66168 1.63658
2.68961 0
2.94016 0.0249256
3.1561 1.84231
3.19478 2.11226
2.90161 1.98561
1.7664 0
2.74242 0.305826
1.8657 1.06016
3.65844 2.26618
2.37959 0.711104
1.67546 0.509785
1.62671 0
2.42193 0.819588
1.52785 0.178669
2.88807 2.32141
4.37955 2.67628
2.3906 0.127903
1.88938 1.69277
1.73081 0.703486
2.08938 0
2.92108 2.38668
2.04869 2.03143
2.81686 0.687599
2.24627 2.16099
1.80182 0.99133
2.93565 0.608511
2.43233 1.8105
2.70927 0.783002
1.30967 0.559399
2.84699 1.98137
3.26648 2.57505
2.07051 1.79239
2.67581 1.07214
3.18642 1.30388
2.80223 0.860733
1.67831 2.08694
1.44129 0.830239
2.40632 1.67019
3.20861 0.968745
2.44567 0.743161
1.7957 0.772729
2.57536 0.322087
3.28805 1.4298
2.12968 0.414605
3.08604 0.84657
3.16742 0.49269
3.35076 2.23544
1.9943 1.28743
2.05949 0.457592
2.33913 1.43643
2.22055 1.76112
1.94123 0.702188
3.13356 1.92543
2.19454 2.01419
1.52824 0.54616
3.33063 0.907115
3.33968 2.54914
2.32317 2.3898
1.61428 0.815033
2.74604 1.2398
2.67403 2.05279
3.21809 1.85167
2.53471 0.848008
1.36797 0
3.2266 0.148515
1.68629 0.637454
2.77851 0.941844
2.09222 0
1.84984 1.68087
2.47033 1.25439
2.61208 0.201136
3.235 1.09489
2.60007 1.83573
2.37605 0.0539441
1.48255 0.607453
2.86179 0.970114
1.93951 0.622559
2.30852 0.584968
3.32523 1.41544
2.40211 1.79484
2.33665 1.65432
3.89977 2.18483
2.50407 2.05546
1.59127 0.128535
2.04095 2.1647
2.40243 0.854583
2.19481 1.11413
3.1618 2.24137
4.09278 1.9827
2.08112 1.34316
2.41288 1.24266
2.24453 1.3936
3.07344 1.06553
2.62887 2.12847
2.67277 1.39637
2.5126 0.854821
2.00673 0
1.7711 0.0881345
1.99965 1.27265
2.35845 1.61568
2.07525 0.656575
3.5932 1.12478
2.34942 1.59865
2.45714 1.19303
2.38861 1.17238
3.08277 0.441489
2.6404 0
2.53332 1.18165
1.20592 0.124972
3.20509 1.6955
2.12016 0
2.67681 0.409411
2.34342 0.962851
3.17743 2.22125
2.56803 1.57089
2.86482 1.53867
3.08103 0.339786
3.68705 2.44707
1.82148 0.362846
2.51362 1.29528
2.75452 2.23543
2.72437 1.55021
2.33227 1.85319
2.24161 1.23365
2.59387 1.93017
2.91662 1.71936
1.45423 0
1.98678 1.42382
2.00214 0
2.75106 1.44176
1.91924 0
1.71801 0.190777
2.53142 1.8727
2.23913 0.957101
2.49166 0.128907
2.04639 0.967787
1.78068 0.484012
1.48092 0.99416
2.62714 0.872185
2.06842 1.12193
2.59472 1.09125
2.78179 1.99874
2.43332 2.70966
1.94901 1.59003
3.57711 2.75614
1.63382 0
3.06997 1.86428
2.82509 1.76655
2.91823 1.51008
2.65399 1.92336
3.06977 0.333135
3.03492 1.59672
2.6463 2.74554
3.98672 2.60111
2.2493 1.84555
2.61538 2.66147
2.25746 2.18691
3.21976 1.29364
1.98755 0.324984
2.19973 1.27658
1.75154 1.47955
1.46743 0.14227
1.78899 2.27648
2.75584 1.96689
2.15201 1.02073
3.24499 2.30821
2.56244 1.78733
3.67532 2.63225
2.20463 1.08055
2.937 1.30059
2.65176 0.660053
2.46101 1.34229
2.65877 1.72472
2.61497 1.88079
2.28228 1.46217
1.97115 0.534478
2.98392 1.34381
2.40323 1.54294
2.20339 1.12419
2.23932 1.40778
1.92192 1.39609
2.64965 0.298596
2.25384 1.5762
1.90358 0.15331
3.15878 2.12248
1.84917 0.162627
1.89438 0.129047
3.24138 0.842993
2.50876 0.182415
1.91013 1.50764
4.03813 1.87169
1.08041 0
2.48285 0.624366
1.76515 0.196916
1.80869 0.659811
3.04747 2.06325
2.11454 0.0904344
2.64938 0.408937
2.94194 2.04072
2.50215 2.18737
2.47405 1.43203
1.77921 0.241372
1.92916 0.733744
2.81865 0.705537
3.07283 2.54391
2.35973 1.37608
3.29813 2.06257
3.26047 3.07852
1.68452 1.20302
2.39951 1.86636
2.61322 0.360106
1.54035 1.45572
2.7648 2.27725
3.07731 2.70715
2.59623 1.03282
1.30785 0.4373
2.84559 2.2349
2.73495 1.98342
2.13434 1.03025
3.39857 1.12368
0.575575 0
2.0687 0.101929
2.97602 1.50568
2.68219 1.11325
3.19726 0.294458
3.13398 1.47955
3.03788 0.511584
1.82649 0.414879
3.19968 1.2938
2.33572 1.15109
2.65174 1.08726
2.30818 0.732636
2.28245 1.53811
2.0387 0.800818
2.72543 0
1.65816 0.0896138
2.52918 1.95297
2.3217 1.22742
1.73797 1.77287
3.41466 1.34861
1.59406 0.925043
1.6746 0.401642
2.79208 0.954881
1.99764 1.84738
2.50312 1.8926
3.17806 1.39005
3.53517 1.93145
1.74034 0.440149
3.90686 0.813351
2.57155 0.744882
2.75273 1.46982
1.40471 2.20205
1.74805 0
1.92044 1.30571
1.79334 0.787732
2.31256 0.16778
2.57675 1.36197
1.85766 1.52546
2.48241 0.706401
2.01386 1.33545
2.69521 0.905285
2.14525 0.446556
1.58424 0.337412
3.20914 0.0948571
3.18261 1.06194
2.59784 1.05135
0.767198 1.00466
2.71256 0.899339
1.13774 0.243277
2.63004 1.67406
3.23332 1.265
2.10829 1.41821
2.34942 1.90483
3.3402 1.76297
3.29378 1.8477
2.17673 1.38272
1.70933 0.644496
2.97112 1.44914
1.88094 0
2.44836 0
3.31232 1.32769
2.28975 2.78224
1.77637 1.03141
2.63483 1.14314
2.59955 1.45837
2.39636 1.57448
2.25315 0.989849
2.43282 1.55197
2.40637 0.583721
1.95112 0.883614
3.13402 2.29991
1.77248 1.47589
2.60466 2.22373
2.94748 1.29183
2.04791 0.818901
2.94318 1.59853
2.26959 1.55878
2.61844 1.0118
3.09425 1.84464
2.51004 1.03409
3.31691 2.3565
3.26791 1.37897
2.12336 0.788652
2.98448 1.67844
2.71047 1.39454
1.95879 2.75955
3.05539 1.59742
2.22789 0.932975
1.77091 0.49974
1.92202 1.24137
2.96878 1.87865
2.98122 1.18126
2.93964 2.88092
2.65402 1.81711
3.5283 1.40459
2.34895 1.57949
3.71993 0.91346
2.2711 1.0486
2.1865 1.82511
3.72036 1.3663
2.54012 1.33913
2.32221 1.38033
3.16339 2.00816
2.18579 0.322549
2.44656 0.803062
2.10346 0.920928
1.01485 0.016639
3.58629 1.96906
2.60853 1.2541
3.45965 1.37576
2.55215 0.578986
1.21517 0.993689
2.51371 0
2.61659 1.42831
2.91035 2.62442
2.76438 1.67175
3.08609 1.97581
1.62251 0.809826
2.87697 2.27539
3.23199 2.43092
1.60726 0.185817
3.01503 1.6755
2.52043 1.68806
3.32608 1.78568
2.58435 1.74969
3.03337 1.99301
2.22878 0.952349
2.66658 2.0726
2.87604 1.79029
1.37279 1.43026
3.43075 1.82655
1.78276 0.737861
3.51413 2.5679
2.51756 0.426865
2.98499 2.03174
3.15421 1.82119
2.50628 0.488453
1.76571 0.179977
3.29963 1.17254
1.55194 0.844888
2.5491 0.895168
2.12645 1.40253
2.70163 1.14115
2.63454 1.31955
2.6537 0.133996
2.34515 0.847516
2.37653 2.29468
2.83722 0.402921
1.22315 0.475079
1.56405 0.821064
3.54332 2.72521
2.33964 0
1.84422 0.211116
3.87274 2.68946
2.49775 0.595069
3.41063 1.59138
2.46394 1.79865
3.06891 2.37881
2.14585 1.6756
2.02934 2.10539
1.57722 1.05902
1.63975 2.10181
2.79896 1.23636
1.50804 0.564586
3.28861 2.08143
2.42883 1.70001
2.04665 0.245189
1.50775 0
3.08434 1.13165
3.24855 1.94248
3.4249 2.56028
1.23421 0.672652
2.09638 0.284697
2.61697 0.855106
3.47941 1.37634
2.15714 1.22612
3.314 2.27805
1.904 0.570678
1.58961 0.868207
2.20677 1.46437
3.63421 1.32298
2.71162 1.06869
2.26466 2.0428
1.74183 1.2669
1.87315 0.191628
1.54285 1.05112
3.00463 0.807681
2.4089 1.49958
2.69458 0.00872472
1.83445 0.255612
2.25033 0.282049
2.9661 0.328671
2.24771 0.712054
2.77944 1.06665
1.4868 0.20571
1.60366 0
2.17587 0.590696
2.55348 1.83273
2.62599 2.53683
2.04301 0
2.73034 1.17733
2.16738 1.59339
1.73629 0.651171
2.76154 1.93869
2.72163 0.735542
3.08524 2.69692
3.42991 2.03738
3.46886 2.1904
3.96681 2.89981
2.32521 0
2.03334 1.21226
1.98 0.862628
2.13592 0.807173
2.14504 0.746044
1.79558 0.895439
2.85009 2.32889
2.56174 2.07647
1.99068 0.976008
2.75995 1.87533
2.18378 1.26873
3.23744 0
2.5461 0.866457
2.25233 1.79515
2.11268 0.741191
2.11993 0.359261
1.35459 0.543431
2.61659 1.18913
3.00053 1.83136
3.35769 1.98576
1.74878 2.39033
2.60548 1.06344
2.87522 1.26237
1.83681 0.386699
1.28418 0.0013018
2.36452 1.0853
2.17834 0.955276
2.56491 0.275312
3.45192 2.67029
3.75905 2.56495
2.75864 1.45808
2.9854 0.980146
2.10374 0.328811
3.02847 1.19908
2.21093 1.7392
2.7568 1.76383
2.67047 0.500252
2.90346 2.49428
2.5128 1.94027
2.30087 1.1453
2.75341 1.99699
3.34131 0.864198
1.73362 0.539478
1.81266 0.762034
2.87428 2.16257
3.24531 0.565995
2.02863 0.208979
3.14611 2.46269
2.6185 0.584475
2.49487 0.753753
2.01808 1.6395
3.52129 1.88247
2.50248 1.71203
1.48666 0
2.47539 0.989926
2.54104 1.19703
1.69687 0.87469
2.19233 0.703416
3.53731 0.997578
2.61294 1.50787
2.35183 0.674589
2.44103 0.551714
1.87899 0
2.79409 2.24512
1.7977 1.24592
2.67315 1.49582
1.62743 1.34847
1.43791 0.181354
3.37429 1.67023
2.3251 1.58772
2.41517 2.17334
2.59473 0.754943
0.989141 0.147788
2.0436 0.419937
2.27882 1.71074
2.6824 0.957015
2.288 1.0914
1.53988 0.508912
2.80957 2.36585
3.02868 2.13204
1.769 0.200985
1.00134 1.78367
3.46921 1.81284
2.62382 1.9935
1.89603 0.326726
1.27639 0.84036
2.41133 0.305303
1.91333 0.293692
2.34776 0.624755
2.47107 1.63941
2.72573 1.37133
2.53251 1.58193
2.41554 0.906982
2.66774 1.65871
3.87855 1.48608
3.16777 2.37569
3.89303 2.53166
2.73181 0.837097
3.24231 0.928872
2.28028 1.73747
2.49499 1.88427
2.50849 2.31297
2.14106 1.86719
3.75564 2.2987
2.63025 1.47819
2.2474 1.39411
2.26411 0.667439
2.77117 1.72347
2.2802 1.05285
2.7908 0.933313
2.49501 1.28906
2.46717 1.18165
2.87547 1.62575
2.63993 0.964548
2.34417 1.10884
2.67196 1.27031
1.56417 1.19274
1.97366 0.516138
3.1993 1.13214
2.87776 1.6359
2.56112 1.319
3.18524 1.98307
2.44052 1.18928
2.81156 2.38014
2.19352 1.30189
1.93756 1.02388
2.29943 1.46004
2.43223 1.28242
2.6886 2.32444
1.82863 0.709599
3.30223 1.46766
2.9858 1.0365
1.76069 1.28315
2.89474 0.339022
3.67707 2.14828
2.35055 1.03628
2.72547 1.39138
1.59495 0.813569
2.54332 0.302125
2.93035 1.27697
1.719 0
2.33041 1.54424
3.46721 1.57639
2.0211 0.511009
1.83588 0.44256
2.07744 0.268391
3.23899 1.17065
3.07225 2.37726
2.27488 1.55712
1.98112 0.783249
1.64195 0.525005
2.68288 0.889458
2.77807 2.6523
3.44897 1.36729
1.8907 0.721891
1.914 2.46922
1.70907 1.01628
1.1197 0.405253
1.8208 0.938175
3.42921 2.01537
3.57335 1.792
3.30871 0.557947
2.42256 0.854341
2.19681 0.704919
2.02443 1.44242
0.12602 0.0712305
2.72363 1.33031
2.31597 0.871947
2.24569 0.364383
1.91308 1.2356
2.55856 1.08299
1.60802 0.620232
2.12516 1.54834
3.73156 2.3148
2.89767 1.01875
2.34365 0.708365
2.53637 0.5036
3.68188 1.56543
3.02912 1.37741
2.6038 0.3322
1.26698 0.58505
2.1622 0.261773
1.98008 1.57934
2.78263 1.36028
2.71139 1.74931
3.42385 0.970191
2.89495 2.20959
1.81627 1.75184
4.26928 1.0339
1.87883 1.00291
2.24755 1.61435
3.36425 2.96847
1.4949 0.861448
1.99529 0.776177
2.64681 1.67473
3.09793 2.09695
2.32262 1.21972
1.34491 1.26743
2.4421 2.08946
1.67616 1.36604
2.64791 0.270428
3.46727 1.2382
1.17246 0.869129
1.00837 0.153082
1.94505 1.80522
3.61588 1.29182
2.01129 1.58543
2.63457 1.3589
2.05012 1.32003
2.39948 0.92713
3.64782 2.61362
1.65069 0.722717
3.38505 1.99097
3.04004 0.599872
2.29681 1.30622
2.19173 1.40145
2.48307 1.75347
2.54349 1.71678
3.85356 2.3429
2.91958 0.943407
2.21936 1.72849
3.1335 3.10076
2.7534 2.14764
2.74242 1.02881
3.40922 1.90098
2.53083 1.53484
2.11187 0.622934
2.16698 1.0318
2.09599 1.05096
2.40405 1.72403
1.83358 0
2.78588 1.0697
2.06428 1.58342
3.06446 1.62758
3.19492 1.99775
1.78615 0
2.33664 1.26854
2.7616 0.55423
1.25687 0.119247
1.72303 0.201359
2.87033 2.18102
2.14092 0.485638
3.03396 1.95494
2.66263 1.23023
2.44728 1.10801
3.87313 1.47334
3.20086 1.56761
3.0648 1.759
1.50897 0.327073
2.78917 1.92611
3.40084 1.779
1.71605 1.11843
2.21404 0.670214
3.2442 0.803476
3.68189 0
1.71768 0.0411006
2.12425 0
2.06488 2.12627
0.955423 0.25682
3.23167 1.36886
1.95134 1.09834
2.04153 1.69969
2.26687 1.94151
2.43064 0.621522
1.63497 0.0843652
2.45287 1.05408
1.79693 0.572527
1.87154 0.0748013
1.30646 0.520577
3.10006 1.17454
2.38699 1.23206
3.51316 2.47503
1.37894 0.435957
3.44771 1.6585
2.1609 1.09097
2.46699 2.22568
3.01211 1.42394
2.61142 1.6982
1.8107 1.5532
3.30803 0.459284
1.64447 0.784751
2.84841 2.08316
2.5692 1.07071
2.47713 1.89529
3.26859 1.3523
1.93178 1.69553
2.06151 1.49925
2.05804 0.846611
1.71012 0.283008
2.51902 0.717974
2.97942 1.04636
2.13224 0.995327
3.08072 1.17432
3.35658 1.82354
2.64576 0
3.03776 1.43214
2.82287 2.75481
2.83052 1.83975
3.0196 1.32372
2.70987 1.45887
2.07467 1.08295
2.7156 1.11853
2.58269 2.11769
2.83285 1.6978
2.0114 1.39438
3.28412 0.569697
2.77328 1.15503
1.50529 0.789089
1.83174 0
2.29278 0.66224
3.64106 1.44319
1.91157 0.280765
2.99548 1.98199
2.23132 2.43965
2.08538 1.5448
3.77786 1.45044
2.83363 1.1021
2.86264 0.0348317
3.36074 2.04357
2.56174 0
2.33978 0.456917
2.58934 1.48945
3.38286 1.64291
1.73622 1.29056
2.02714 0
2.31144 1.0606
3.37564 0.697523
2.11658 1.87715
2.16186 2.40021
2.02517 0.379617
1.75333 1.22206
2.98332 2.44048
2.81158 2.12416
3.26687 1.7489
2.45203 1.32116
2.84442 0.81717
2.44827 1.13366
3.41702 1.87336
2.84851 1.71557
2.2384 0.087961
2.25719 0.472515
1.57049 0.57501
3.31413 1.27101
1.61952 0.772595
2.91638 2.40203
2.50718 2.64268
3.07901 2.17886
2.62187 1.17255
2.65813 1.51898
2.19409 1.00617
3.29481 1.37409
2.8866 1.2598
2.20953 0.668783
0.942836 0
2.91853 1.84758
2.09614 0.518842
2.21292 2.66715
2.55163 1.90233
2.15309 1.09525
3.01681 0.739587
1.92614 1.08219
3.98734 2.0276
2.45827 1.02655
2.75534 1.48326
2.46084 0.271103
2.58534 1.25553
3.29452 2.14126
1.29191 0
2.23653 2.57912
3.07695 1.5473
3.0051 1.73361
2.58456 1.70816
2.52403 2.18502
2.60704 1.35153
1.56955 0.368781
2.42572 2.62178
2.91214 1.35399
2.83707 0.691718
2.44314 0.996895
3.60354 1.56937
2.27456 1.67393
2.60902 2.12133
2.3578 1.37035
2.35871 1.37636
1.39609 0.0375957
2.16413 1.08391
2.20114 0.412813
2.01904 0.969035
2.22845 2.14071
2.13047 1.59063
1.54332 0.439012
2.40745 0.525791
3.49513 2.08011
2.63888 2.49362
2.29749 1.77365
2.31241 2.19133
3.97547 2.86389
2.92231 1.59335
2.51279 2.06074
2.15465 1.59649
3.74143 2.15022
2.87834 1.78617
1.93396 1.47389
2.907 0
1.9392 0
2.34222 1.11102
1.35169 0.156071
1.98917 0.948644
2.37254 0.125896
1.88224 0.89155
2.72015 1.74579
3.43352 1.53747
2.84519 1.61745
2.79498 2.1662
1.93771 0.294438
2.59239 1.3345
2.5834 1.33005
2.07227 1.03039
2.70956 1.23744
1.96908 0
2.81577 0.228623
2.93257 2.25189
2.81757 1.06965
2.79626 1.02836
2.29517 1.97036
3.44819 2.41693
2.25278 0.235618
2.44909 0.404444
2.72418 1.33319
2.39922 1.66401
3.3318 2.32316
3.6095 1.69
2.01208 1.05432
3.0558 2.33757
1.8375 0
2.54569 1.65109
0.458356 0.560449
1.62653 1.05799
2.07616 1.87404
2.03799 0.361813
2.28878 0.190075
2.18914 1.76549
3.55756 2.17757
2.98572 1.99996
3.37221 2.38895
2.9808 0.898712
3.28315 2.66128
1.61072 0.332384
2.90632 2.38751
2.80074 0.881279
2.44036 1.48127
1.88354 0.608953
2.5306 1.99737
3.31922 1.92638
2.20018 0
2.81934 1.45622
2.88031 2.22311
3.41517 2.0325
1.99897 1.71258
2.90955 1.05452
2.11651 1.96777
2.55492 2.13324
1.9385 0.311326
1.79462 0.549899
1.86085 2.01139
1.76998 1.17674
2.11927 0.771413
2.19124 0.758242
2.46859 1.23778
4.01257 1.90803
2.63299 2.74829
2.78648 0.631281
2.97597 1.23893
3.35952 2.8019
3.38221 0.278077
3.33076 1.63184
2.98055 1.60484
2.26721 1.22487
3.89711 1.21828
2.15514 1.443
2.81906 1.18826
3.26727 1.82884
3.07551 0.874831
1.81111 1.96311
1.5568 0.150693
1.61201 0.480706
2.60588 1.60289
2.17427 1.70867
2.59388 1.4725
2.62541 0
3.13711 2.11475
2.54579 1.29591
1.40602 1.121
2.5439 1.77987
3.02552 1.54514
3.41163 3.14159
2.86925 2.05973
2.28044 0.119964
2.4691 1.78435
3.04666 0.993679
1.56151 0
3.48784 2.05128
1.81095 0
2.8934 1.36812
2.73168 1.64837
2.70246 1.41409
1.88843 0.467089
2.65749 1.59287
3.27773 0.981571
1.58433 0.155581
3.47051 1.62235
2.65608 1.45319
2.63229 2.33663
1.68269 0.945003
1.77336 0.836218
1.36879 0.137758
2.95192 2.09715
2.31239 1.23761
2.667 0.392825
1.89318 1.16035
4.03359 2.5587
2.32467 1.74407
1.63229 2.65802
3.65695 2.49262
1.16661 0.486912
2.86789 1.80435
2.65443 0.83986
3.46733 0.958129
1.71222 1.24031
2.9528 1.3166
1.75759 1.16702
3.64481 2.01674
3.23773 1.4585
2.85201 2.69571
3.66205 2.17808
3.16796 1.60085
3.06642 1.20172
2.55794 2.42262
3.26631 1.7955
3.77867 3.03949
2.53683 0.766365
1.68171 0.38718
3.42289 1.6111
1.46114 0.580596
2.18155 2.00759
1.33239 0.285266
3.04327 2.18327
2.0787 2.07606
2.48283 1.20693
2.74022 1.41153
3.11248 0
2.71586 1.07728
1.26594 1.18648
2.05438 1.65091
3.30053 2.84209
2.30914 0.722207
1.88874 2.30935
3.56415 1.65223
1.60533 1.50238
1.49207 0.697459
1.70129 0.373834
2.322 0
2.08572 0.664235
2.35198 1.49197
1.64991 1.0854
2.97536 1.53654
2.16977 1.31622
1.55429 0.643776
2.74246 1.0859
2.22221 1.24193
1.99645 0.264464
3.09123 2.73018
1.93428 1.05455
2.64224 2.05199
1.70339 0.444984
2.38541 1.46038
3.59232 2.02642
2.55299 1.75924
3.88763 1.85437
3.05339 1.25674
3.16818 1.76611
3.29344 1.85255
2.74231 1.94697
1.88173 0.131835
2.42105 0.871942
2.28971 1.36385
3.02049 2.53322
2.78034 1.72482
3.39272 2.08945
2.90822 1.67219
2.59808 1.16709
2.8334 2.19893
2.37248 1.09359
3.0323 2.35202
2.10733 1.81413
3.18355 2.18268
2.70526 1.42736
2.3466 1.50876
2.35714 1.39625
3.95813 2.02003
2.20004 0.981868
3.33651 3.13753
0.384998 0.0735153
3.12423 1.80514
2.66434 0.97623
2.64217 2.26495
2.76928 0.512061
2.44124 1.60445
1.1183 0.732063
2.6189 1.64481
3.16443 1.72532
1.29044 0.165341
1.2906 0.323087
2.51943 0.711832
2.46745 1.1081
3.5562 1.31332
1.82576 0
3.33031 1.73154
1.56799 0.836063
3.50717 1.03208
2.98426 0.288847
3.44615 1.43419
1.8914 0.689816
2.14554 0.693828
2.8178 2.2883
2.24621 0.945197
3.28744 2.41925
2.25555 0.274506
3.17458 1.54904
3.06966 2.19625
2.63904 0.637449
2.582 0.780039
3.46226 2.22056
3.12339 1.97779
2.41238 0.824889
3.03578 2.25274
2.6001 1.03838
2.12859 1.65525
2.32749 0.623098
2.92121 0
2.04324 2.43689
2.21706 1.9611
2.88294 1.66409
2.66585 1.2844
2.52778 0.807115
2.00729 0.0675027
2.04672 0.806084
1.77232 0
1.73743 0.79273
2.36828 1.14683
1.93425 0
2.45635 2.58744
2.84694 1.20104
2.72239 2.05659
3.06609 0.578232
2.97497 1.87297
3.2663 1.66399
1.56324 1.23484
1.38666 1.14707
1.6439 1.07072
2.3312 0.413513
2.95078 1.61047
0.928411 0.110409
2.0207 1.13583
3.03748 1.32997
2.94524 2.27301
3.16835 2.10587
1.86842 0.516967
3.2706 0.99443
1.50955 1.235
2.10395 0.685297
2.86562 1.03783
1.66939 0.623815
1.36289 0.896536
2.21679 1.21673
2.18692 1.25297
2.23422 1.12959
1.80206 0.84552
2.30268 1.63573
2.64714 1.80935
1.17888 0.575798
2.70706 2.91829
2.46558 0
1.64185 0.26338
3.78711 2.26037
3.81573 1.85557
2.95508 1.50668
1.87692 0.636479
2.27653 1.7401
2.76344 0.622649
2.79334 0.70058
2.57212 0.434302
2.74656 0.934838
3.07297 1.69975
1.3903 1.60787
2.45173 0.378212
1.57317 0.995937
3.0578 1.20717
2.68785 1.54098
2.17083 2.06655
3.82802 1.37546
2.69156 1.49045
1.19443 0.910883
2.79755 0.720703
2.56008 0.687321
2.17322 0.437496
1.6518 0
2.48739 2.76489
2.74417 0.795803
1.91686 0.732935
3.36844 2.82775
2.59791 1.06903
0.785837 0.323238
4.15583 1.8644
3.11443 1.01678
2.79193 1.06578
2.63888 2.07656
1.58858 0.603356
2.97948 1.82805
2.66141 1.78461
1.61532 0.409891
2.43152 3.0884
3.35024 2.01449
2.24402 0.944168
3.20007 0.676783
2.28977 1.21676
2.40719 0.90879
3.68867 2.1385
3.49319 1.78264
3.36732 1.95603
4.13021 1.55207
1.84895 0.215286
2.92447 1.88507
2.15195 0
2.35674 0.450143
2.54757 2.12216
2.71548 1.20649
1.60632 0
2.98309 1.61927
2.82965 2.10433
3.86794 2.15303
2.0756 0.0218518
1.6655 1.538
3.08093 1.72407
2.55131 0.816422
2.38629 0.547396
2.59826 1.20728
3.29288 2.60861
3.1587 1.80593
2.20476 0.0928177
2.75412 1.05207
2.24358 1.43021
2.54428 1.02391
3.17365 0.973792
2.4579 1.33791
2.81107 0.751011
2.87279 2.19247
3.09047 0.866486
2.20159 0.183735
3.19875 2.23116
2.67861 0.0611357
2.11967 0.431478
2.85245 1.27951
2.3526 0.293242
2.73334 2.46595
2.39436 2.21279
2.10671 1.71129
2.30611 0.949324
3.61386 2.08739
2.07953 0.922392
3.80481 1.42248
2.36938 1.57202
3.0029 0.148685
3.33696 0.695273
2.85611 0.880477
3.42762 1.84956
3.03194 0
1.58234 0.848588
2.61752 1.12181
3.1495 1.07549
2.96224 1.47763
2.46863 0.00164803
3.44325 1.77477
3.18443 2.1551
3.07489 1.16892
3.07025 1.37484
2.28799 1.53175
2.21197 2.3762
3.67869 0.839698
2.39622 1.23087
2.86144 1.63511
2.56679 0.261968
3.22409 2.19235
1.90545 1.34389
2.74502 2.51049
2.01823 0.721608
2.64756 1.73006
2.5668 0.965137
1.66848 0
1.54009 0.447247
2.44147 1.28129
1.42612 0.789351
2.22761 0.29728
2.04662 0
2.64333 1.58557
2.32214 1.88482
1.94994 0.689185
2.85227 2.25401
3.30018 1.65732
4.12439 2.1678
1.60129 0
2.10841 0.533971
2.95832 0.838398
2.11998 1.04125
2.79462 1.01929
1.65189 0.904518
3.22311 1.92394
2.63242 1.81645
3.38759 1.57002
2.96589 0.907093
2.89922 2.99408
2.44751 0.599043
2.67637 0.616901
2.01651 0.503403
2.09158 0.541752
2.27877 1.17322
2.29109 2.26955
3.95623 1.93564
2.46713 0.194709
2.90808 1.40211
2.50635 1.61428
2.49486 1.31587
3.02561 0.135551
2.07698 0.352576
2.59192 1.3604
2.51299 1.9227
2.98687 1.12453
3.39832 2.16152
3.24119 1.43836
1.73952 0.141941
1.67116 1.151
2.48685 0
3.35919 1.58344
3.08362 1.06034
2.46385 2.1405
1.71144 0.629881
3.48247 1.73415
1.98277 0.697582
1.94444 1.58952
2.18881 1.92373
1.61688 0
2.34652 0.156614
2.38682 0.853927
2.25129 0.0710333
1.45719 0.470801
2.0496 2.18193
1.66243 0.913529
1.29785 1.49929
2.51413 0.637788
1.92977 1.32408
2.79225 0.634111
2.01493 0.132977
2.63135 1.98598
3.17624 0.812663
2.51973 1.34002
3.02129 0.791379
3.11838 1.81096
1.6434 0.808442
2.55859 0.92636
2.69146 1.13753
2.44106 0.320694
1.99208 0.519214
2.19777 1.64843
2.04594 1.65375
1.6682 0.400798
1.44323 1.00872
2.82007 1.96863
2.3169 0.281562
3.01815 1.9821
2.49931 0
3.34684 3.02475
1.71859 0.167299
2.62643 1.91011
3.32541 1.56759
2.49097 2.40547
2.19492 0.688274
2.96037 1.59326
3.28145 1.15634
3.00426 2.49096
3.08115 1.63383
3.0338 1.78481
2.68193 1.37777
2.40413 0.714186
3.52606 2.87089
2.58518 0
2.14617 1.5407
1.78987 0
2.82649 1.89714
2.95377 2.16047
3.03592 1.41624
2.73221 0.104249
2.07762 0
1.44795 1.66457
2.41544 2.5921
1.60302 1.2073
3.64666 2.29563
2.71519 1.27157
2.91759 1.21239
2.6617 1.46189
1.74763 0.00188895
3.07755 1.16591
4.47898 1.01808
1.82244 1.11686
3.32231 0.667509
3.48066 1.98677
2.84508 1.22308
2.45502 1.57403
2.38884 0.0734884
3.13061 0.955105
2.8287 1.26565
2.66229 1.57488
2.83762 0.804647
2.54142 0.249969
1.84617 0.984621
2.7436 2.33122
2.49784 1.03743
2.42218 1.47821
2.12964 0.15299
3.46917 1.72755
1.78528 0.774271
1.81427 0.409932
2.38529 2.34105
2.32281 1.24802
3.4482 1.7201
3.05194 1.62757
2.27497 1.65661
3.18284 0.913624
2.18769 1.32322
1.79589 0.639611
3.52695 1.47203
2.3585 0.804633
2.11219 0.777484
1.09239 0.50698
3.24925 2.32983
3.0439 0.623683
2.64047 1.04865
2.2249 1.76545
2.49125 1.4181
3.59046 1.4904
2.65876 2.42131
1.92304 0
2.37869 0
1.81991 0.793121
2.88537 2.10637
3.30316 1.7098
2.11109 1.44469
2.81164 0.993595
0.92329 0.700744
2.62132 2.18865
3.20167 1.81903
3.12013 1.27621
2.3441 1.97113
3.21775 2.41327
1.79467 1.03543
2.3091 0.68836
3.5726 1.26505
3.14953 1.46781
1.86309 0.31434
2.62103 1.48263
2.13862 1.63598
2.91004 1.43256
2.42266 2.46199
3.12423 1.62684
2.45155 0.938462
2.37141 0.513983
2.53563 2.2746
1.87254 1.28657
3.48311 2.41866
2.3471 1.26711
1.60503 0.0073125
2.87848 0.0212227
2.60895 0.790367
1.77057 0.186935
1.21112 0.118488
1.75338 0.135709
1.89167 1.99746
2.77566 0.0539066
3.74951 2.56902
1.47435 0.419038
3.24098 1.5674
2.60062 2.78529
3.77268 1.3447
2.08605 0.606724
1.41734 1.21795
1.79133 0.768707
4.00516 1.57277
2.52965 1.07378
2.90821 1.14967
2.77147 0
2.08233 0.354639
3.88799 2.69871
3.52643 1.81894
2.98493 1.3427
3.3931 2.24783
2.01614 1.30594
2.00003 0.564414
3.10645 1.90525
2.73234 1.34272
1.99656 1.16393
1.89476 0.653957
2.03464 0.508211
2.34794 1.30787
3.68245 0.981587
2.1825 1.12288
3.05906 1.00372
2.63203 0
2.02145 0.372628
2.36639 1.20331
3.50894 1.55961
1.81779 0
2.7609 1.30266
2.17057 0.775443
2.31327 0.0452221
2.1885 2.68179
3.18188 2.63092
1.47203 0.658517
2.40939 1.65611
2.7385 1.60541
3.01204 1.34082
1.42438 0.860953
2.26414 1.84506
1.24084 0
1.8388 1.76743
2.70021 1.6464
2.26898 2.62266
1.95699 0.891158
3.73067 1.41964
3.01294 2.52065
2.38533 0.9422
1.19865 0
4.02597 1.37154
3.86303 2.36083
2.59661 0.707958
2.64649 0
3.08677 2.88959
3.02167 1.50638
2.45194 0.945761
2.58474 1.37819
3.27574 2.04919
2.22748 1.22111
2.25436 1.50903
2.80068 0.154436
2.33118 1.45033
2.5329 0.292627
2.44944 1.69053
2.34197 1.21923
3.68228 1.57935
3.81336 2.51824
1.01248 0.850594
3.57792 1.34876
2.58446 0.0529272
3.04209 0.439907
2.94984 2.04644
1.65149 0.666164
2.21856 1.08772
2.06713 0.828001
2.67687 1.65693
4.01872 2.08666
2.85797 0.941395
2.58239 1.24411
3.16647 1.52847
1.38474 0.658872
2.85357 2.05173
3.39631 1.55056
3.34087 0.803476
1.29805 0.295552
2.69538 2.10729
1.90766 0.421672
1.43115 1.04582
2.8795 0.738888
2.07155 1.76521
1.99429 1.48136
2.08014 1.40384
2.07699 1.3204
2.66257 1.09655
2.67878 1.41767
2.46935 1.0523
2.38282 0.797317
1.44924 1.05183
1.91525 1.30496
2.64498 1.42163
1.49075 0.0843712
1.68739 1.1692
3.49574 1.12441
2.74415 0.231224
2.46224 0.808535
3.18904 0.996602
2.48473 0.899754
1.99397 0.94667
1.85617 2.03059
1.71755 0.684315
2.11733 0
1.9684 0.684363
2.36608 0.542511
2.94982 1.5277
2.82371 1.03288
2.16601 1.06675
1.85798 1.49203
2.01023 0
2.17031 1.48606
1.97498 0.00106421
3.46705 1.67735
3.39222 0.978213
1.12178 1.27841
2.82112 2.19302
2.31828 2.63907
2.19091 1.31712
2.32963 0.716688
3.44667 2.29914
2.38471 0.713261
2.50281 1.34228
1.96792 1.09346
1.50588 0.934644
0.643753 0.0653043
2.79068 1.36841
2.72634 1.3434
2.81784 2.30689
1.75328 1.38861
2.08579 1.41102
2.57408 1.73823
2.39057 0.70977
2.91473 0.512816
2.78182 0.435272
1.74189 0
3.21224 2.04114
2.76489 2.4131
1.54358 0.673653
1.85789 0.363423
2.93436 2.51043
3.24065 0.659237
3.27793 1.77564
3.04273 1.22111
2.59329 2.2719
2.85185 0.355279
2.05987 1.27057
2.64938 0.448379
1.71796 2.1576
2.87114 1.19671
1.48324 0.59911
2.15441 1.81309
2.2914 1.70273
2.60452 2.19942
3.17056 1.48941
1.81259 0
0.985883 0.490794
2.05462 0.723813
3.66382 1.71361
3.01883 0.940822
2.94427 0.894434
3.95405 1.46902
2.26119 2.26339
2.2463 0.750697
2.99283 1.193
3.1058 2.75036
2.58642 1.89893
3.16187 1.95923
1.69716 0.945516
2.47161 0.844225
1.70885 0.12388
2.59203 1.64659
3.39158 1.68412
2.7433 2.00256
1.98123 1.27296
3.33502 2.68957
2.0135 0.696024
3.00721 2.71833
2.80006 1.78596
1.90477 1.58302
2.824 0.696759
1.88189 1.69225
2.15044 0.303384
3.60792 1.52784
2.55221 2.56378
3.40006 1.80227
1.7483 0.731356
2.21582 1.82284
3.26222 1.65112
1.63736 0.602895
1.8465 0.952981
2.94243 1.79572
3.10684 1.38411
1.99591 0.0723336
2.16592 2.00362
1.79994 0.825273
2.77469 0.386186
2.53555 1.15145
2.29098 0.0397737
2.04895 0.0202703
1.7477 0.68265
2.34127 1.29226
2.59191 3.12846
3.12851 0.920403
1.37048 0
3.58946 1.49845
2.62919 1.17981
2.65732 1.96542
2.07518 1.15969
2.44163 0.302341
2.37917 1.88695
2.287 0.989734
1.63667 2.13437
3.23635 2.01372
1.97753 1.10553
3.32293 0.752926
2.54661 0
2.78322 1.25118
1.49468 0.673611
2.63026 1.51862
3.12602 2.09394
3.78835 1.39605
1.54186 0.370041
1.42715 0.180789
2.89062 2.05572
2.82033 1.50884
3.90337 1.37202
2.07771 1.10146
3.15176 1.82263
2.28297 1.44886
2.83358 1.57641
3.6794 1.39471
3.06847 1.85443
2.59671 1.10432
3.04703 0.796521
2.38354 0.772666
2.11423 2.09231
2.2275 0.438327
2.72203 0
3.01274 1.64391
1.78504 1.15013
3.19973 1.55004
2.13206 0.449457
3.13801 1.90956
1.75589 0.425588
2.21943 1.08725
2.7967 2.6389
3.00078 1.94044
2.85403 2.31487
1.46397 1.00499
2.88942 2.08185
2.14908 0.10683
1.71572 1.3054
3.16535 0.542475
1.63343 1.12802
2.48675 0.856608
2.95467 0.811379
2.03916 0.101982
2.85024 2.33645
1.32713 0.417325
3.57862 2.21955
2.65717 2.07835
2.34276 1.1936
2.34453 1.28058
2.49684 1.0413
2.5439 1.49893
2.38557 0.505134
2.76768 1.65392
2.69658 0.854731
2.12147 0.978544
4.26631 2.52859
3.33581 1.95055
1.34749 0.331887
1.43177 0.65679
3.83337 2.29402
2.81977 1.71574
1.57985 0.866045
1.00516 0.523246
2.98564 0.886484
2.02093 1.81097
2.46158 0.968486
3.20251 1.8558
2.31493 0.185832
3.07128 1.45251
2.95369 1.95954
2.94731 1.2878
2.13083 0.53323
2.43394 0.0507117
2.8769 1.37984
3.43935 2.15061
2.50109 0.342938
2.66688 1.16619
3.05251 0.552471
1.1658 0.885188
1.95089 1.09184
1.49696 0.988374
3.36259 0.883692
2.79534 1.78645
2.90595 0.904559
2.89166 2.75726
1.34553 0.456636
3.12607 0
2.19789 0.429265
1.80036 0.846047
3.7713 1.76905
2.83018 0
2.28175 0.673853
2.45488 0.71838
1.80195 1.80077
2.44416 0.264472
2.6725 2.1161
2.07256 0.787413
3.25439 2.3169
2.51815 0.152408
2.8411 1.23558
2.44761 1.7122
3.06626 1.75418
2.60344 1.80002
2.96283 1.69957
2.81311 1.87753
2.72943 1.49571
1.29609 0.112316
1.36598 0.523974
2.41519 1.57771
1.97268 1.66099
2.54121 0.733068
2.48105 1.78694
2.40201 1.3218
2.34416 1.40195
3.27719 2.45258
1.51833 0
1.62814 0.941968
2.71041 0.447032
1.39461 0.927086
2.31317 1.34472
3.00711 2.17299
3.58341 1.0886
2.48653 1.25734
3.33694 1.44666
2.74511 1.08749
3.26824 0.920003
3.71392 2.96762
2.95075 1.64166
2.63215 0.126853
2.65125 1.17479
3.74671 2.03968
2.50417 1.69668
2.9991 0.348961
2.6974 1.45453
3.4716 1.83301
3.05572 2.15072
2.74777 1.03664
2.96497 1.15259
2.96517 1.41095
2.81563 2.01304
3.15518 1.13133
1.93195 0.119532
3.27551 1.7962
2.24191 0.389808
2.90491 0.812546
2.3044 0.4124
1.96175 0
3.54046 0.984938
2.15768 0.82185
2.82021 1.58327
2.31195 1.21623
1.63509 1.55906
2.70439 0.433671
3.65866 1.81191
1.88957 1.07503
2.09317 0.65655
3.41406 1.64343
2.37454 1.30761
3.09327 0.0994317
2.2701 0.237501
2.72155 2.61714
2.36593 1.7078
2.51874 1.36616
2.86473 1.64789
2.08277 0.506595
2.50342 1.81817
1.59137 1.16981
1.84033 0.824542
2.29469 0.970103
2.34378 1.08941
3.51552 2.13122
3.04251 1.92009
1.50416 0.284434
2.89081 1.71582
3.2955 1.97197
2.65368 0.532271
2.61868 1.19969
3.77776 2.13751
3.5192 2.08339
2.00657 1.28799
2.37785 1.64181
2.67212 0.788678
3.01325 1.15135
2.67011 1.06414
2.82191 0.879645
2.84792 0.939325
1.73388 1.00859
3.52787 2.24399
1.40712 0.650721
1.61836 0.619437
3.26218 1.52012
1.5486 0
2.13494 1.49359
1.92386 0.151663
3.12186 1.47827
2.55718 1.98718
3.22326 1.12204
1.85712 0.270692
3.29152 1.65394
2.00278 0
1.88279 0.78943
2.91982 1.70329
2.03651 1.34565
2.16572 0.907401
2.3597 0.360129
2.56834 0
2.62901 2.05267
2.2218 0.471106
1.77031 0.53956
1.74509 0.588662
2.7154 1.67192
3.86292 2.0409
2.8146 1.6812
1.83694 0.702491
2.39876 0.412401
3.1542 2.67487
2.22565 0.422635
2.76584 1.27165
1.97051 0
2.69716 0.750926
2.52695 3.14159
2.14098 1.29827
2.61394 0.874095
3.12836 2.26194
3.88686 2.23479
2.67387 0.853186
3.17103 1.83687
2.58386 2.73969
1.32086 0
2.35212 0
2.49673 2.88434
1.62441 0.387335
1.63476 0.761807
1.81673 1.57738
1.67307 1.11549
2.81421 0.620377
1.38252 0.728762
3.07398 2.74176
1.62257 1.85387
1.93209 0
3.38579 1.23063
3.46873 1.61194
2.25872 1.25712
3.99346 1.70612
2.36944 0.651394
2.34289 2.04013
2.47965 1.47265
3.14947 1.94911
2.2421 1.0369
2.51615 1.71258
2.54883 1.67749
3.51701 1.68712
3.09339 1.76154
1.83682 0.962122
3.11811 1.61052
3.36441 1.20584
1.65674 0.505054
2.46381 1.18481
2.57107 0
1.43133 0.642207
3.4012 2.72417
3.06621 1.96053
3.20925 1.87079
2.53302 0.900642
2.09506 0.886644
4.08629 2.6029
2.02969 0.0424582
1.29791 1.23861
2.56419 0.58179
2.39374 0.398434
2.72769 2.08143
2.41013 1.33137
2.92871 0.594876
2.74723 1.91556
2.82825 1.20049
3.09001 1.73407
3.2334 1.78032
2.41506 1.86673
2.08001 0.535194
2.21404 0.862372
2.1972 1.35031
1.72429 0.583406
2.37208 1.39291
1.95104 0.297532
2.05922 0
3.0111 2.3776
3.08486 1.24465
1.97166 0.792058
3.06083 0.501869
2.01605 1.62622
2.53905 0
3.68548 0.989733
1.55089 0.952192
2.57323 2.49399
2.50969 1.26014
2.14986 1.11153
1.44521 2.1684
3.2334 1.53377
2.90641 0.787104
2.78485 1.73351
3.21375 1.94045
1.86956 1.25942
2.1485 1.24615
1.4651 0.883109
1.75767 1.46251
3.11782 1.74021
2.29681 1.07367
2.39587 0.872911
1.64577 0.314639
3.07969 2.07362
2.54941 0.317224
2.67668 0.747474
2.96042 2.65503
3.53915 0.73522
1.80422 0.681333
2.88464 2.06952
1.95294 1.46428
2.30558 0
2.76578 1.5337
2.40237 1.60917
0.904211 0.553485
0.673001 0.637357
2.19002 2.18778
1.42861 0.824229
2.94595 0.736957
2.98759 1.28447
2.83517 0.661122
1.98291 1.66623
3.04204 1.50693
2.07561 0.146714
2.5857 0.601451
2.03083 0.609037
2.24146 0
2.66342 0.985697
2.13402 1.36493
2.97103 1.33296
2.71854 2.05677
2.57539 1.11525
3.30601 2.23634
2.07543 1.19811
2.60486 1.21019
3.27258 1.55738
2.65425 1.31335
1.91109 0
1.86808 1.72485
2.12036 0
2.19773 0.3364
2.42728 1.44244
2.14477 0.115152
2.8002 1.75339
1.73432 1.34194
2.944 0.233901
1.28367 0
2.12533 1.62178
1.54125 0.906273
2.02915 0
3.05169 3.11122
2.83082 2.39023
2.87733 0.984242
2.14549 0.601737
2.5681 0.889046
3.07207 0.949966
3.59906 1.78076
1.94013 1.08043
3.35646 0.719727
2.77189 0.0574734
2.9084 2.01597
2.39638 1.60409
1.64908 0.609435
2.50546 1.4597
1.30025 0.819083
3.13089 1.42404
3.4722 1.8653
2.10415 0.6048
2.79375 1.83338
2.13239 1.26014
1.75111 1.29696
3.1562 1.69723
2.96485 1.42443
2.4912 0.747311
2.7801 0.415235
2.61563 1.79881
2.09151 1.99104
2.13744 0
2.20664 1.80306
2.4218 2.11795
2.30166 0.703102
2.86597 1.08156
2.40301 0.18113
2.68881 1.52517
2.60483 1.9262
2.61347 0.703521
2.77253 2.03965
1.12543 0
1.70537 0
1.9309 0.423418
2.60965 1.07835
1.73351 0.76111
2.75217 2.09883
1.82377 2.75934
2.83326 2.04745
3.03782 1.20674
1.23166 1.18757
2.85154 1.72538
1.59666 1.20071
3.28947 1.371
2.04766 0.491783
2.96047 1.95964
2.58664 2.50567
2.84208 1.90083
2.48849 0.771972
3.65993 1.79495
2.072 0.737798
1.22778 0.0892182
2.07823 1.78169
3.59072 1.0531
1.22017 0.688538
3.22217 0.994591
2.63446 2.08252
2.49324 1.6311
2.36018 1.07405
3.33599 1.93306
3.16853 1.71379
3.13508 1.0471
2.43793 1.23176
1.93161 0.672227
2.08507 0
3.2213 0.81088
1.85026 0.348672
3.04299 2.48545
3.06889 0.94581
2.27673 1.49303
2.91458 0.256513
2.02435 0.0840986
2.52754 1.10584
2.3201 0.257447
2.9323 1.72707
2.49864 0.684017
3.14212 2.11509
3.20724 0.922297
2.35448 0.546509
2.33714 0.738317
2.34986 0.387496
2.69571 1.14642
1.9131 0.148233
2.58443 1.35914
2.85683 1.96256
2.82053 1.26308
3.34871 0.937895
3.12707 0.712845
1.56801 0.144994
2.59353 1.33614
2.00989 1.50899
2.45805 1.53425
2.96572 0.244087
2.38507 1.85272
1.15336 0.447267
2.91067 0.956413
2.32029 0.849452
1.08303 0.603952
3.06745 2.14833
3.00528 2.25275
2.3785 2.18715
0.726995 1.16349
3.04033 1.87622
1.63593 0.348168
2.52736 1.62304
3.24161 1.5582
2.5132 1.95552
2.97632 1.58322
1.75989 0.349186
3.20674 0.804743
2.22046 1.41603
3.15938 2.20789
3.91181 2.8461
2.05947 0.124572
3.20322 1.1523
2.98533 0.620166
1.89162 0.62374
3.04099 2.04049
2.94519 0
2.16965 0.894975
2.14388 0.748567
1.61996 0.871021
2.232 0.0137797
2.66973 0
3.15306 1.90451
2.8258 1.77881
1.75876 1.61831
2.16566 1.87322
1.42887 0.606916
3.25946 1.81206
2.26595 1.6004
2.34536 1.73012
2.93691 1.39076
2.32833 1.02724
2.77109 0.558735
2.47547 0.307668
2.32763 0
2.31924 0.662014
2.08615 0.789765
2.49705 1.45854
2.59581 0
2.0877 0.420141
2.89765 1.48411
2.96567 1.50235
1.95984 0.44689
3.08771 1.43205
2.82696 1.93448
3.03749 1.3097
2.00654 1.63326
2.29528 0.743203
2.16723 1.69854
1.64356 0.979769
2.66768 0.576606
1.49035 1.56969
3.14911 2.26843
2.87217 1.88911
2.94276 2.29404
3.39255 1.62468
3.5564 2.088
2.92109 2.00356
2.18639 0.837973
2.69007 1.68965
3.66331 0.402844
2.28894 2.07199
2.11211 0.886603
1.38108 1.41617
2.78956 2.64508
3.14664 0.532114
1.55232 0.826229
2.86733 1.13056
3.1902 1.09679
3.00434 2.31909
3.7095 1.17602
2.84064 2.10957
0.798846 0.542091
2.47736 1.30868
2.11627 0.894902
2.79124 1.22865
2.23778 0.926825
2.45739 0.925035
1.48207 0.448952
1.97239 0.655221
2.54126 1.02893
2.14889 1.27609
2.01999 1.24672
2.76168 1.22372
3.40228 1.50423
2.4789 1.33385
2.45461 0.372824
3.05951 0.921753
2.28131 0.239663
4.83146 1.84535
3.19399 1.24705
2.68912 2.41144
2.00003 2.55567
3.15693 0.903794
2.80688 1.58098
3.10562 0.268989
2.9095 1.27796
2.63588 0.751354
2.68039 2.43264
3.45945 2.35782
2.85563 2.17369
2.5068 2.32499
1.92384 1.34664
1.16629 3.04723
2.76935 1.46935
2.26683 1.9918
2.03558 0.223663
2.94512 0.649459
2.28931 0
1.74718 0.170607
1.93691 0.442886
2.06424 0.444508
2.78674 2.11879
2.98329 2.83311
3.19181 2.00564
2.059 0
1.72762 1.22814
2.17876 0.9686
2.57935 1.11454
3.73756 1.85755
2.06877 1.68847
2.3059 1.68736
2.7676 1.87065
2.87287 2.1931
2.77994 1.43747
3.19883 2.52587
3.08156 0
1.55084 0.0111137
1.46504 1.15751
2.40029 1.36116
2.95089 1.26852
1.36626 1.43205
2.52029 1.25721
2.32648 1.87955
2.70757 1.09836
2.73025 2.08414
1.20822 0.460493
3.90717 1.88925
2.70364 2.68108
2.85775 0.582475
1.76115 0.472134
1.60655 1.13287
3.19565 1.82729
2.66837 0.947924
3.52709 3.14159
2.14865 0.455256
1.98508 0.491971
2.67091 0.25517
1.79717 0.340535
2.31902 0.677575
2.21401 0.682144
2.80955 1.38555
2.22991 1.22776
2.74551 2.57426
3.08443 1.20338
1.83411 0.0709655
2.03639 1.0099
1.48405 0.817118
3.43444 2.01024
2.01751 0
2.7789 0
2.8068 2.85594
2.60475 1.57867
2.98734 1.54987
3.00637 1.94051
2.32955 0.516009
2.54672 1.79099
2.1123 0.776467
3.13723 2.00932
0.836823 0.336443
2.65605 2.11555
3.30818 1.68161
2.62535 1.04226
1.61348 0
3.06054 2.30113
2.54456 0.483583
2.81885 0.431301
4.12568 1.8654
3.58332 2.16088
2.49904 0.616841
2.37564 1.96698
3.44069 1.92752
2.93558 0.820864
4.02041 1.93998
2.9327 2.1248
0.876686 0.203753
2.63587 0.652752
3.06036 1.74272
1.58902 0.334806
2.88097 1.8209
2.52657 2.76996
3.81054 0.664007
2.31728 0
3.8609 1.8821
2.35689 1.55574
2.48686 1.14772
1.60758 0.113506
1.89086 1.6294
2.48413 2.07827
3.62638 1.84122
1.95119 0.0182819
1.97783 0.631653
2.16151 1.4047
1.30288 0.100754
2.17485 0.777038
1.83802 1.03394
2.20957 1.7843
2.35163 1.72616
1.90416 0.322618
2.64048 0.465112
2.85422 0.749939
2.82313 1.6371
3.77871 1.74552
2.39001 0.461191
2.18278 0.630813
1.12271 0.270413
1.9992 0
1.97445 0.611445
1.59062 0
2.8733 0.398796
2.74598 0
2.90659 2.44765
2.68563 2.03394
2.13301 1.02229
1.73065 1.06176
3.35901 1.07269
2.98718 2.34316
1.70796 0.869195
2.06465 0.830323
2.20693 0.955341
2.31866 0
2.44357 1.10796
2.91893 0.758155
3.23158 1.15907
2.21394 2.26304
3.4657 1.6817
2.18234 0.233176
3.1668 1.10185
1.59906 0.956992
2.60909 2.47769
2.37389 1.29513
2.61142 0.895644
2.23439 0.423014
2.72798 0.682337
2.8901 0.796179
3.2399 2.23726
2.1513 1.33261
2.56678 0.350997
1.9298 1.32565
2.57155 1.11196
2.6673 1.07909
2.50374 1.68948
2.81867 1.42303
2.29965 1.19732
1.68911 0.642097
2.9757 0.754806
2.67016 2.57799
1.89158 1.35166
2.73493 1.30834
2.56903 0.246388
2.23966 0.980822
1.06177 0.189046
2.73413 2.1874
1.6954 0.266679
2.55646 0.996283
2.07407 1.57077
2.38348 0
2.5416 0.612665
2.20386 1.88246
2.52908 1.64943
1.99684 0
2.72709 0.277184
1.7338 0.250889
1.97056 2.11477
2.65708 1.38927
1.35954 0.0303679
2.54381 0.358486
2.85738 1.13669
3.01094 1.20158
2.76018 0.587597
3.13415 1.04355
2.60441 1.81688
2.73438 1.29384
2.87047 0.503812
3.00891 2.03316
3.39865 1.09684
1.85651 0.376538
2.32104 1.9881
3.51971 1.94146
2.75353 0.724981
1.65749 0.547522
0.919797 0.128235
3.6422 1.90278
2.69438 0.717804
2.3258 0
3.71868 1.94618
2.55807 0.929442
2.02375 0.393862
3.60781 1.96086
2.94792 1.9938
1.77186 0.331512
2.6669 1.03813
3.0234 2.02717
2.29988 2.93606
1.20368 0.290116
2.32156 1.43371
2.66723 1.19126
3.01426 1.6996
2.98032 1.48814
2.63933 1.04877
2.58367 0.736677
2.89097 1.22528
2.53645 0.603606
3.55821 2.34283
2.37997 1.42364
2.68166 0.905023
1.20828 0.52772
1.5489 1.22151
3.04689 1.64478
2.41026 1.08343
3.24965 3.14159
2.61842 1.02306
3.17386 1.99351
2.61269 0.916427
2.06633 1.39814
3.09598 1.0175
3.04254 2.71437
3.28988 0.54795
3.23059 1.41055
2.44724 2.0122
3.54338 2.18023
3.56908 2.53535
2.67881 1.08277
3.0682 2.04759
2.02287 0.603118
3.34596 1.84142
1.76008 0.0503238
2.84218 0.861519
1.36932 0
2.24881 0.0710369
2.11555 0.535131
2.93267 0.0225733
2.74823 1.96286
2.27778 0.555439
2.36687 0.688707
2.10871 0.897401
2.20048 0.863067
2.26324 1.20412
1.9713 1.09772
1.8115 0.898726
2.87474 0.57151
3.52108 2.88854
2.88616 0.811454
2.88453 1.87819
2.74695 0
2.33001 1.95614
2.24738 2.51307
2.39147 0.825256
2.68327 1.23821
2.47548 1.63832
1.17405 0
3.40855 2.42674
2.21034 1.55766
2.71304 0.845832
3.12755 1.58678
2.83745 0.947231
2.05798 1.1516
3.29677 2.71416
2.5634 1.89592
1.65276 0.277081
2.43611 0.576585
2.03446 0.366298
3.02645 1.54982
1.83629 0.837946
2.97169 2.29944
2.85071 1.92794
4.40311 1.40048
2.54564 1.50304
3.24429 1.02595
3.14276 1.2691
2.44509 0.357117
2.31863 1.04951
3.15016 1.41416
2.10798 0.395487
2.06102 0.292188
3.40227 2.70161
4.25151 2.13151
3.41922 2.03109
2.50335 0
3.23666 1.53748
3.15334 2.07387
3.28816 1.44867
2.27331 0.510999
2.3643 0.596972
1.95805 0.217349
2.44509 1.447
1.96834 1.03477
2.33481 0.501292
2.73857 0.21979
2.2007 2.05234
2.42688 1.38724
3.19987 0.873475
3.08382 2.27254
2.15231 0.795779
3.56263 0.423404
2.49149 1.74412
1.39251 1.06965
2.16042 1.06047
2.25356 0.339782
3.26533 1.72812
2.3238 1.9773
2.0683 1.20189
1.70478 0.817032
2.88138 0.452422
2.78797 1.72568
3.66654 1.01837
2.20336 1.92112
2.38252 1.29899
1.79894 1.66591
2.49852 0.356671
1.95795 0.685774
2.93564 2.05886
2.02375 0.0965112
2.86319 2.17775
1.6218 0.795326
3.28037 1.49781
2.86456 1.70812
3.10734 2.08648
2.06475 0.49094
3.5563 1.59154
2.74447 0.282726
3.06136 2.42463
1.65744 0.394793
2.16754 1.17675
2.11629 1.7847
1.459 0.0118147
1.79799 0.569286
1.77785 0.926565
3.74099 2.38513
1.87763 0.107252
2.91322 0
3.01531 1.91752
2.35671 0.979422
3.17461 2.03725
2.44639 2.08749
2.24593 0.0283361
3.20389 0.953991
2.96042 2.36101
3.00191 2.24628
2.99977 1.43764
2.40452 0.870772
1.29365 0.510602
2.1052 1.08327
1.60706 0.234113
2.229 0
2.65221 1.6006
3.06186 1.37417
3.36569 1.79434
2.22068 1.31556
2.16522 0.897353
3.25796 2.62606
2.40157 1.14699
2.13228 0.71431
2.58614 0.289137
3.68382 2.20274
2.87069 1.9487
2.37635 0.565398
1.80688 1.0657
1.58894 0.154221
2.7012 1.42884
3.5704 1.6459
2.00856 0.299976
1.62477 0.0453645
1.96995 0
3.12802 1.08313
2.46438 1.81172
1.90384 1.1
2.92617 2.183
1.79132 0.963169
1.56908 0.617106
2.16614 1.27087
2.7265 2.11472
3.00862 1.7486
1.54684 1.32672
3.05433 1.26521
2.78604 2.14887
2.6715 0.879681
3.10898 0.288778
2.20949 0.255084
2.48738 1.86994
2.04284 0.557714
3.65195 1.02565
2.05831 1.48496
1.55307 1.48625
2.54098 1.88338
2.40293 0.751543
2.81388 1.91885
1.69418 0
1.49989 0.967674
3.04921 2.22891
2.4894 0.783742
1.75069 0.871143
2.73878 1.17303
2.36817 0
2.58804 1.30548
2.30658 1.06029
2.90351 2.68284
2.60589 0.898588
3.18985 1.5532
2.46078 2.44798
2.73446 0.361031
2.05748 0.930862
2.26644 0.741864
3.74238 1.57966
2.20144 0.450317
3.70519 1.86302
2.46649 0.443678
2.17902 0.329004
3.08125 1.07421
2.80163 1.22149
3.24735 1.68283
2.62285 1.64448
2.28805 1.32049
2.96031 1.68843
2.22044 0.751455
1.86584 0
1.69518 0.648669
2.34823 0.81106
1.99407 0.574206
1.91782 1.44013
2.80203 1.57224
2.75482 0.232908
2.11682 1.09106
2.12361 0.856745
4.14433 1.66769
2.32217 1.76525
2.38929 1.90465
2.0047 1.25829
2.99412 0.59735
1.76046 0.990664
1.74169 0.50989
1.51469 0.014265
2.01326 1.02309
2.29825 1.57024
1.79554 0.557436
2.28118 0.800504
2.28702 1.23084
1.37855 0.750393
1.6268 0
2.65236 1.48204
3.41301 1.68792
3.50294 1.34169
2.51745 2.28492
1.70893 0.479193
2.07306 0.411961
2.34567 1.6968
1.98948 0
3.68509 2.02258
2.73473 0.697411
2.61125 1.16048
2.85561 0.746005
3.02905 0.802948
1.49814 0.222383
1.73175 0.0659115
2.6125 0.786054
3.34014 1.82749
2.58098 0
2.94885 1.95388
1.74225 1.10508
2.36567 0
1.90265 1.79533
2.62315 0.0843792
3.04357 1.56233
2.29384 1.5848
2.90966 1.82375
3.27104 2.07174
2.33819 0
2.66797 1.57149
2.16883 0.795263
1.75295 2.44619
2.27861 0.00733714
3.20996 0.903605
2.16971 0.935034
2.86088 2.24371
2.69076 2.17347
3.2081 2.6474
3.46144 2.24538
3.53307 1.63578
2.92729 1.88707
3.48445 0.948027
2.6471 0.789252
2.49655 0
2.16558 1.7013
2.10973 0.357658
2.3852 0.8023
1.54314 1.55702
3.26074 1.57306
1.90176 0.315523
1.99869 0.43568
3.6651 1.89751
2.45343 2.28224
1.43987 0.538935
3.81233 1.72565
2.16386 0.923445
2.19953 0.420174
3.0045 2.03694
3.29507 2.28138
2.26557 0.748725
1.35862 0.481592
2.34997 2.26807
1.73007 0
2.7682 1.79509
2.51966 0
2.53728 1.3976
2.88049 0.545292
2.27207 1.17958
1.70464 0.844616
2.51595 1.01662
1.99928 1.31743
3.46788 2.02836
2.2229 2.50049
2.14301 0.537407
2.28485 0.705855
2.57914 1.38664
3.21305 1.59138
2.90579 1.33493
2.7534 2.52272
2.34327 1.71159
2.37219 1.07093
2.37423 0.232489
2.02531 0.928562
3.72966 2.27761
3.04877 2.41352
3.05578 2.22883
2.62918 2.33879
1.47102 1.63373
2.74195 1.03242
2.09424 1.85418
2.57855 1.78464
2.58653 0.128727
1.57171 0.77767
1.33778 0.969483
3.35042 1.92233
2.57201 2.49735
1.64027 0.19315
2.43467 1.22885
2.67669 2.16216
2.44989 2.2523
3.04462 0.934824
2.62486 0.403674
1.69311 0.006256
3.03128 0.96211
3.21287 2.99841
2.88009 1.94638
1.55017 0.917857
2.74302 2.03039
1.9274 1.61666
3.53226 2.53225
2.98893 1.63197
3.21072 1.37019
2.16304 2.23734
2.94334 1.13183
2.79358 2.45393
3.66638 2.07085
3.07457 0.326243
2.53612 0.556238
2.59639 0.888664
2.65614 1.48268
3.35108 2.34214
0.894569 0
2.8411 1.45935
3.24883 2.3848
2.83205 1.75067
2.56682 1.8887
3.27739 1.81563
3.1614 1.56752
2.93173 1.19119
2.85622 1.3712
2.23849 1.56082
2.7316 1.31977
2.34281 0.107583
2.22628 2.56591
2.26302 1.62137
3.28962 2.47325
2.37821 0
2.52425 2.16952
3.85085 1.98437
2.55151 0.627262
2.13016 0.319544
2.7409 2.518
1.93544 1.1411
1.38194 0
1.13167 0.690375
2.72398 1.20896
1.75496 1.31797
2.06521 1.20793
1.52596 1.04446
2.82444 2.37597
2.50219 0.900466
2.11951 1.76903
2.25319 0.729821
1.71082 0.0754263
3.1296 0.971783
2.90743 2.11197
3.82653 2.69089
1.68858 0.76775
2.56195 1.82731
3.5792 1.36161
2.30441 0.988002
3.31637 2.4292
2.16914 0.0958673
1.67031 0.299338
1.15109 1.29113
2.34582 0.297219
3.18046 1.15143
2.59172 1.70099
2.79193 0.870328
2.60694 0.2742
3.40545 2.16573
3.27846 1.97884
1.34651 0.725535
3.06374 2.29315
3.4142 0.817382
2.49863 2.15787
2.29724 1.73778
2.87405 0.818452
3.31899 1.36552
2.26163 0.420857
2.46379 1.63262
2.5721 0.987725
3.26482 1.81808
2.94242 2.46205
2.5171 0.922717
1.84104 0.318667
1.74722 0.376992
2.82936 1.68295
1.97318 2.19908
2.10275 1.92616
2.57881 1.9231
2.51905 1.49629
2.47782 1.58719
1.76782 0.815984
2.54285 2.00369
2.5297 2.26579
2.04058 1.36918
2.38639 1.81253
2.66645 1.57161
1.8888 1.00554
2.71226 0.655423
1.36562 0.96581
1.84311 0
2.24291 0
2.15496 0.345945
2.81659 0.525831
2.3564 1.51822
1.28768 0
2.91492 1.47392
0.93054 0.147978
2.30298 1.95789
2.12952 1.04723
2.3413 1.62399
2.66659 0.315833
2.53484 0.434991
3.15277 2.31662
2.39955 0
1.61454 0.609152
1.67041 1.49521
3.14854 2.21708
3.64041 0.616219
1.46386 1.44774
3.16944 1.32046
3.66523 0.795699
1.80616 0
3.43683 1.94151
3.29347 1.90006
4.85898 2.83331
2.95803 1.12406
2.14002 0.600435
2.21823 0.887377
3.11017 1.51903
2.20482 1.07732
2.61328 1.49834
1.51862 0
2.31618 1.24955
2.79431 1.22945
3.27036 1.62394
1.50066 2.18722
1.69389 1.65417
2.71542 0.36181
3.08186 1.61114
2.07111 1.16799
2.79789 1.18171
